термин tf idf tf-idf
рекомендовать 0.001225 0.5025 0.000616
страница 0.003676 0.314873 0.001157
потенциальный 0.004902 1.584963 0.007769
услуга 0.001225 2.424498 0.002970
заведение 0.002451 0.133267 0.000327
знание 0.003676 0.117836 0.000433
гость 0.001225 0.133267 0.000163
видеолекция 0.002451 1.5025 0.003683
ежедневно 0.001225 2.672425 0.003274
год 0.004902 0.387023 0.001897
хороший 0.002451 0.057715 0.000141
фильтр 0.001225 1.462972 0.001792
месяц 0.009804 0.368645 0.003614
практика 0.007353 0.314873 0.002315
скидка 0.007353 0.584963 0.004301
называть 0.001225 2.584963 0.003167
организовать 0.001225 1.86507 0.002285
реклама 0.001225 0.332575 0.000407
официальный 0.002451 0.133267 0.000327
интеллектуальный 0.002451 0.117836 0.000289
курировать 0.001225 2.280108 0.002793
время 0.007353 0.014214 0.000105
саморазвитие 0.001225 0.133267 0.000163
нный 0.001225 2.212994 0.002711
практический 0.004902 0.350497 0.001718
платный 0.003676 1.350497 0.004964
неточность 0.002451 0.133267 0.000327
агрегатор 0.001225 0.133267 0.000163
работа 0.008578 0.10257 0.000880
забыть 0.003676 0.133267 0.000490
управление 0.002451 0.10257 0.000251
исследовательский 0.001225 3.350497 0.004104
пользовательский 0.001225 0.117836 0.000144
реальный 0.008578 0.246161 0.002112
условие 0.002451 0.028569 0.000070
ца 0.001225 2.350497 0.002879
конец 0.002451 1.543142 0.003782
ваш 0.001225 0.280108 0.000343
собственность 0.002451 0.133267 0.000327
комментарий 0.001225 0.10257 0.000126
текстовый 0.001225 3.350497 0.004104
ребёнок 0.001225 0.117836 0.000144
подходящий 0.001225 0.280108 0.000343
финансы 0.002451 0.133267 0.000327
собственный 0.001225 1.0 0.001225
формат 0.009804 0.180572 0.001770
язык 0.001225 0.043069 0.000053
соболев 0.002451 1.543142 0.003782
ниже 0.004902 0.944505 0.004630
отзыв 0.025735 0.164631 0.004237
оценка 0.001225 0.117836 0.000144
политика 0.001225 0.0 0.000000
скиллбокс 0.002451 2.087463 0.005116
ведущий 0.001225 1.917538 0.002349
новичок 0.002451 0.443607 0.001087
продвигать 0.001225 2.765535 0.003388
ниидпо 0.003676 3.5025 0.012875
удобный 0.004902 0.314873 0.001544
оплата 0.001225 1.86507 0.002285
смотреть 0.001225 0.695145 0.000852
это 0.004902 0.014214 0.000070
интернет 0.001225 0.917538 0.001124
носить 0.002451 0.133267 0.000327
блог 0.003676 0.0 0.000000
воспользоваться 0.001225 0.297386 0.000364
выполнение 0.003676 1.0 0.003676
также 0.001225 0.789782 0.000967
защита 0.003676 1.246161 0.004581
институт 0.001225 3.087463 0.003782
проверка 0.001225 0.628031 0.000769
ошибка 0.006127 0.072512 0.000444
обучать 0.008578 0.117836 0.001011
обновляться 0.001225 2.424498 0.002970
подтверждение 0.001225 0.133267 0.000163
текст 0.002451 0.072512 0.000178
сообщить 0.001225 0.133267 0.000163
редактор 0.001225 1.0 0.001225
популярный 0.001225 2.350497 0.002879
упаковка 0.001225 5.087463 0.006232
остаться 0.001225 1.387023 0.001699
сравнить 0.001225 0.133267 0.000163
полноценный 0.001225 1.672425 0.002049
создание 0.001225 1.424498 0.001745
наставник 0.004902 0.839535 0.004115
тестирование 0.001225 1.672425 0.002049
соглашение 0.001225 0.133267 0.000163
регистрация 0.002451 0.133267 0.000327
бессрочный 0.001225 5.087463 0.006232
кандидат 0.001225 3.350497 0.004104
курсонатор 0.001225 6.672425 0.008174
новый 0.001225 0.263034 0.000322
онлайн 0.036765 0.117836 0.004332
лекция 0.002451 0.695145 0.001704
успешный 0.001225 3.350497 0.004104
методист 0.001225 6.672425 0.008174
учисьонлайн 0.002451 0.133267 0.000327
делать 0.001225 0.741688 0.000909
рассрочка 0.011029 0.917538 0.010120
мочь 0.006127 0.0 0.000000
изучение 0.004902 0.718229 0.003521
поискать 0.001225 0.314873 0.000386
теория 0.001225 0.5025 0.000616
учебный 0.004902 0.0 0.000000
кук 0.001225 0.133267 0.000163
закрепление 0.003676 2.087463 0.007674
восстановить 0.001225 0.133267 0.000163
фамилия 0.001225 0.133267 0.000163
р 0.031863 0.462972 0.014752
иностранный 0.001225 0.133267 0.000163
необходимость 0.001225 2.584963 0.003167
выполнять 0.001225 1.462972 0.001792
дипломный 0.002451 1.628031 0.003990
запретить 0.002451 0.133267 0.000327
нуль 0.001225 0.86507 0.001060
ано 0.003676 3.5025 0.012875
видеоурок 0.004902 0.839535 0.004115
лендинга 0.001225 2.971986 0.003641
оценить 0.001225 1.424498 0.001745
использовать 0.001225 0.0 0.000000
навсегда 0.006127 1.314873 0.008056
основа 0.002451 0.741688 0.001818
продвижение 0.001225 1.212994 0.001486
задача 0.001225 1.057715 0.001296
каждый 0.001225 0.133267 0.000163
куратор 0.002451 1.543142 0.003782
сайт 0.014706 0.0 0.000000
школа 0.033088 0.133267 0.004410
сформировать 0.001225 5.087463 0.006232
репетитор 0.001225 4.087463 0.005007
имя 0.001225 0.014214 0.000017
домашний 0.001225 0.443607 0.000543
подходить 0.001225 1.028569 0.001260
ученик 0.011029 0.164631 0.001816
общий 0.001225 0.212994 0.000261
обучение 0.012255 0.087463 0.001072
полезность 0.001225 2.087463 0.002557
выбор 0.001225 1.087463 0.001332
являться 0.004902 0.028569 0.000140
весь 0.002451 0.0 0.000000
свой 0.008578 0.043069 0.000369
ссылка 0.002451 0.087463 0.000214
согласие 0.002451 0.133267 0.000327
национальный 0.001225 3.212994 0.003936
разместить 0.002451 0.117836 0.000289
длительность 0.008578 0.297386 0.002551
возможность 0.002451 0.765535 0.001876
самый 0.001225 0.584963 0.000717
бизнес 0.001225 0.117836 0.000144
итоговый 0.003676 1.0 0.003676
ознакомительный 0.002451 0.133267 0.000327
школьный 0.001225 0.133267 0.000163
курс 0.098039 0.057715 0.005658
информация 0.008578 0.057715 0.000495
копирайтинг 0.001225 1.180572 0.001446
войти 0.008578 0.117836 0.001011
вк 0.002451 0.133267 0.000327
визуальный 0.002451 0.133267 0.000327
обновление 0.001225 3.672425 0.004499
перейти 0.001225 1.057715 0.001296
поделиться 0.004902 0.584963 0.002867
вопрос 0.001225 0.332575 0.000407
начинающий 0.001225 0.650058 0.000796
обновить 0.001225 1.765535 0.002163
получение 0.001225 1.86507 0.002285
раздел 0.003676 0.10257 0.000377
пройти 0.001225 0.133267 0.000163
юлия 0.002451 0.628031 0.001539
ещё 0.003676 0.028569 0.000105
главный 0.002451 0.650058 0.001593
избранный 0.001225 0.133267 0.000163
образование 0.009804 0.133267 0.001307
план 0.001225 1.462972 0.001792
продюсер 0.009804 4.672425 0.045808
преподаватель 0.006127 0.263034 0.001612
доступ 0.008578 0.424498 0.003641
опыт 0.007353 0.180572 0.001328
состоять 0.001225 1.718229 0.002105
продукт 0.001225 2.971986 0.003641
зарегистрироваться 0.003676 0.133267 0.000490
находить 0.001225 2.212994 0.002711
полезно 0.004902 0.765535 0.003753
каталог 0.002451 0.133267 0.000327
занятие 0.001225 0.314873 0.000386
портрет 0.001225 5.087463 0.006232
точный 0.002451 0.117836 0.000289
включая 0.002451 0.087463 0.000214
задавать 0.001225 0.765535 0.000938
проект 0.009804 0.0 0.000000
около 0.001225 0.133267 0.000163
квалификация 0.001225 1.765535 0.002163
подойти 0.001225 0.443607 0.000543
исправление 0.003676 2.971986 0.010925
собрать 0.006127 0.944505 0.005787
эксперт 0.004902 0.718229 0.003521
наслать 0.002451 0.164631 0.000404
автор 0.004902 0.133267 0.000653
подробный 0.007353 0.10257 0.000754
рекламодатель 0.001225 0.350497 0.000429
ответ 0.001225 0.072512 0.000089
дополнительный 0.002451 1.212994 0.002973
наука 0.001225 3.672425 0.004499
академия 0.001225 2.028569 0.002485
особенность 0.008578 0.246161 0.002112
копирование 0.002451 0.133267 0.000327
начало 0.001225 1.246161 0.001527
больший 0.002451 0.695145 0.001704
специальность 0.001225 1.584963 0.001942
интенсивный 0.001225 2.424498 0.002970
обучаться 0.001225 0.789782 0.000967
запуск 0.001225 2.971986 0.003641
профессия 0.006127 0.584963 0.003584
тема 0.003676 0.148863 0.000547
оставить 0.004902 0.944505 0.004630
рейтинг 0.002451 1.543142 0.003782
категория 0.001225 1.971986 0.002416
оферта 0.002451 0.133267 0.000327
цена 0.003676 0.297386 0.001093
программа 0.014706 0.0 0.000000
элемент 0.002451 0.0 0.000000
отправить 0.001225 0.10257 0.000126
конфиденциальность 0.001225 0.0 0.000000
характер 0.002451 0.133267 0.000327
маркетинг 0.002451 0.695145 0.001704
приближ 0.001225 2.350497 0.002879
профи 0.002451 0.971986 0.002382
коммерчески 0.001225 6.672425 0.008174
урок 0.001225 0.297386 0.000364
полезный 0.001225 0.522678 0.000640
востребовать 0.002451 1.814444 0.004447
технология 0.001225 2.971986 0.003641
профессиональный 0.003676 0.117836 0.000433
рубрикатор 0.001225 0.350497 0.000429
поиск 0.001225 0.10257 0.000126
бесплатный 0.003676 0.606336 0.002229
специалист 0.001225 0.718229 0.000880
использование 0.002451 0.0 0.000000
всё 0.008578 0.014214 0.000122
ру 0.002451 0.117836 0.000289
готовый 0.001225 1.462972 0.001792
мес 0.007353 1.087463 0.007996
событие 0.002451 0.133267 0.000327
убывание 0.001225 1.628031 0.001994
возрастание 0.002451 1.584963 0.003885
менеджмент 0.001225 2.424498 0.002970
кейс 0.003676 1.180572 0.004340
материал 0.002451 0.164631 0.000404
содержать 0.001225 0.180572 0.000221
стажировка 0.001225 2.86507 0.003510
получить 0.002451 0.014214 0.000035
связь 0.003676 0.133267 0.000490
основный 0.001225 2.028569 0.002485
задание 0.009804 0.368645 0.003614
обратный 0.003676 0.072512 0.000267
показать 0.001225 1.148863 0.001407
экспертность 0.001225 6.672425 0.008174
зарегистрировать 0.003676 0.117836 0.000433
пароль 0.008578 0.133267 0.001143
дистанционный 0.002451 0.314873 0.000772
университет 0.002451 1.971986 0.004833
оплатить 0.002451 1.628031 0.003990
повысить 0.001225 2.028569 0.002485
меню 0.001225 0.117836 0.000144
яндекс 0.002451 0.133267 0.000327
презентация 0.002451 1.971986 0.004833
основное 0.001225 1.718229 0.002105
сфера 0.002451 1.057715 0.002592
смета 0.001225 4.672425 0.005724
дисциплина 0.001225 5.087463 0.006232
образовательный 0.004902 1.814444 0.008894
практиковать 0.001225 2.087463 0.002557
любой 0.002451 0.148863 0.000365
