термин tf idf tf-idf
расовый 0.000792 6.672425 0.005285
обложка 0.000792 6.672425 0.005285
размещать 0.000792 6.672425 0.005285
заведение 0.001585 0.133267 0.000211
гость 0.000792 0.133267 0.000106
неосторожный 0.000792 6.672425 0.005285
недостоверный 0.000792 6.672425 0.005285
обработка 0.002377 1.584963 0.003767
целей 0.001585 5.672425 0.008991
нарушать 0.003962 5.672425 0.022474
интеллектуальный 0.001585 0.117836 0.000187
друг 0.000792 1.350497 0.001070
подпадать 0.000792 6.672425 0.005285
почта 0.000792 2.212994 0.001753
правило 0.000792 3.350497 0.002654
агрегатор 0.000792 0.133267 0.000106
внешнии 0.000792 6.672425 0.005285
власть 0.000792 6.672425 0.005285
пытаться 0.000792 2.148863 0.001702
ствие 0.007924 5.672425 0.044948
алгоритм 0.000792 3.350497 0.002654
процесс 0.001585 0.563901 0.000894
уполномоченный 0.000792 5.672425 0.004493
суд 0.002377 5.672425 0.013483
содержаться 0.002377 5.672425 0.013483
функционировать 0.000792 6.672425 0.005285
графический 0.000792 1.672425 0.001325
запрет 0.000792 6.672425 0.005285
интернет 0.002377 0.917538 0.002181
рецензия 0.000792 6.672425 0.005285
модификация 0.000792 5.672425 0.004493
посредством 0.001585 6.672425 0.010576
блог 0.002377 0.0 0.000000
сила 0.002377 3.86507 0.009187
выполнение 0.001585 1.0 0.001585
редакция 0.000792 6.672425 0.005285
ствовать 0.002377 5.672425 0.013483
подлежать 0.000792 5.672425 0.004493
обязываться 0.000792 5.672425 0.004493
обучать 0.001585 0.117836 0.000187
предмет 0.001585 1.5025 0.002381
заблокировать 0.000792 5.672425 0.004493
насилие 0.000792 6.672425 0.005285
защитить 0.000792 4.087463 0.003237
расположенный 0.000792 6.672425 0.005285
соглашение 0.021395 0.133267 0.002851
обеспечивать 0.000792 5.087463 0.004029
онлайн 0.001585 0.117836 0.000187
противоправный 0.000792 6.672425 0.005285
мочь 0.004754 0.0 0.000000
дискриминация 0.000792 6.672425 0.005285
способ 0.000792 2.350497 0.001862
учебный 0.001585 0.0 0.000000
товар 0.008716 4.087463 0.035626
отдельность 0.000792 6.672425 0.005285
навигация 0.000792 6.672425 0.005285
порядок 0.001585 3.212994 0.005093
фамилия 0.000792 0.133267 0.000106
личный 0.001585 0.297386 0.000471
конкретный 0.000792 2.280108 0.001806
письменно 0.000792 6.672425 0.005285
основа 0.001585 0.741688 0.001176
следующий 0.001585 1.387023 0.002198
сравнение 0.000792 1.028569 0.000815
имя 0.001585 0.014214 0.000023
распространение 0.000792 5.672425 0.004493
офертой 0.000792 6.672425 0.005285
задержка 0.001585 5.672425 0.008991
считаться 0.000792 4.350497 0.003446
некорректный 0.000792 5.672425 0.004493
негативный 0.000792 5.672425 0.004493
разрешать 0.000792 6.672425 0.005285
случай 0.004754 1.971986 0.009375
разместить 0.00317 0.117836 0.000374
осуждение 0.000792 6.672425 0.005285
возможность 0.000792 0.765535 0.000606
сеть 0.002377 1.057715 0.002514
авторский 0.001585 2.86507 0.004541
бизнес 0.000792 0.117836 0.000093
изменение 0.005547 2.672425 0.014824
человек 0.000792 1.180572 0.000935
убыток 0.000792 4.672425 0.003701
организация 0.002377 1.584963 0.003767
автоматический 0.000792 4.672425 0.003701
должный 0.001585 1.765535 0.002798
визуальный 0.002377 0.133267 0.000317
обновление 0.000792 3.672425 0.002909
деятельность 0.00317 3.5025 0.011103
доступ 0.009509 0.424498 0.004037
нарушить 0.001585 6.672425 0.010576
неполадка 0.001585 4.350497 0.006896
относиться 0.002377 2.5025 0.005948
контент 0.001585 1.86507 0.002956
защитой 0.000792 6.672425 0.005285
невозможность 0.000792 6.672425 0.005285
литературный 0.000792 5.672425 0.004493
имущественный 0.000792 6.672425 0.005285
проект 0.000792 0.0 0.000000
эквивалентный 0.000792 6.672425 0.005285
статья 0.000792 1.117836 0.000885
настоящий 0.015848 2.087463 0.033082
конфиденциальноить 0.000792 6.672425 0.005285
непосредственный 0.000792 5.672425 0.004493
уведомлять 0.000792 6.672425 0.005285
осуществляющие 0.000792 6.672425 0.005285
цена 0.000792 0.297386 0.000236
сообщение 0.000792 3.86507 0.003061
появляться 0.000792 3.087463 0.002445
отправить 0.000792 0.10257 0.000081
пункт 0.00317 5.672425 0.017982
россия 0.006339 1.765535 0.011192
сторона 0.002377 2.350497 0.005587
существующий 0.000792 4.672425 0.003701
обязанность 0.000792 4.350497 0.003446
иметь 0.005547 1.424498 0.007902
всё 0.002377 0.014214 0.000034
администрацией 0.00317 6.672425 0.021152
содержать 0.001585 0.180572 0.000286
обратный 0.001585 0.072512 0.000115
реально 0.000792 1.543142 0.001222
общие 0.000792 6.672425 0.005285
яндекс 0.001585 0.133267 0.000211
причина 0.000792 1.765535 0.001398
третий 0.002377 2.212994 0.005260
побуждение 0.000792 6.672425 0.005285
несанкционированный 0.001585 5.672425 0.008991
данный 0.007132 1.86507 0.013302
около 0.000792 0.133267 0.000106
прекратить 0.000792 5.672425 0.004493
днея 0.001585 5.672425 0.008991
услуга 0.014263 2.424498 0.034581
производный 0.000792 6.672425 0.005285
время 0.001585 0.014214 0.000023
далее 0.004754 0.584963 0.002781
незаконный 0.000792 6.672425 0.005285
предоставить 0.000792 4.672425 0.003701
территория 0.000792 5.087463 0.004029
обратиться 0.000792 2.672425 0.002117
работа 0.000792 0.10257 0.000081
комментарий 0.001585 0.10257 0.000163
непреодолимои 0.000792 6.672425 0.005285
финансы 0.000792 0.133267 0.000106
осуществить 0.000792 5.672425 0.004493
идентификация 0.000792 6.672425 0.005285
иначе 0.000792 3.5025 0.002774
принимать 0.000792 0.628031 0.000497
иметься 0.000792 4.350497 0.003446
предъявление 0.000792 6.672425 0.005285
данные 0.003962 1.212994 0.004806
проверка 0.000792 0.628031 0.000497
н 0.000792 6.672425 0.005285
ошибка 0.000792 0.072512 0.000057
обязательный 0.000792 2.672425 0.002117
состав 0.001585 5.672425 0.008991
сообщить 0.000792 0.133267 0.000106
выставление 0.000792 6.672425 0.005285
некоммерческий 0.000792 6.672425 0.005285
принадлежать 0.000792 5.672425 0.004493
раскрыть 0.002377 2.424498 0.005763
устрой 0.001585 6.672425 0.010576
добавлять 0.000792 2.5025 0.001982
регистрация 0.001585 0.133267 0.000211
адрес 0.001585 4.087463 0.006479
платной 0.000792 6.672425 0.005285
телекоммуникационный 0.000792 5.672425 0.004493
рассмотрение 0.001585 5.672425 0.008991
кук 0.000792 0.133267 0.000106
функционирование 0.001585 5.672425 0.008991
процедура 0.000792 5.087463 0.004029
предусмотреть 0.000792 3.86507 0.003061
иностранный 0.000792 0.133267 0.000106
охранять 0.002377 6.672425 0.015860
понести 0.000792 6.672425 0.005285
запретить 0.00317 0.133267 0.000422
специально 0.000792 5.087463 0.004029
получать 0.000792 0.765535 0.000606
возникновение 0.001585 6.672425 0.010576
расследование 0.000792 6.672425 0.005285
сайт 0.004754 0.0 0.000000
день 0.000792 0.718229 0.000569
школа 0.002377 0.133267 0.000317
правообладателей 0.000792 6.672425 0.005285
аутентификация 0.000792 5.672425 0.004493
умышленный 0.000792 6.672425 0.005285
регулировать 0.001585 6.672425 0.010576
выбор 0.001585 1.087463 0.001724
предоставление 0.001585 5.087463 0.008064
свой 0.003962 0.043069 0.000171
вносить 0.000792 4.672425 0.003701
избегать 0.000792 5.672425 0.004493
национальный 0.000792 3.212994 0.002545
вместе 0.000792 3.5025 0.002774
сообщество 0.000792 4.672425 0.003701
либо 0.00317 2.280108 0.007228
соответствующей 0.000792 6.672425 0.005285
соблюдать 0.000792 5.087463 0.004029
курс 0.005547 0.057715 0.000320
предъявить 0.000792 5.672425 0.004493
пользователь 0.024564 0.482601 0.011855
информация 0.017433 0.057715 0.001006
предисловие 0.000792 6.672425 0.005285
управляться 0.000792 6.672425 0.005285
г 0.000792 4.350497 0.003446
музыкальный 0.000792 3.86507 0.003061
вк 0.001585 0.133267 0.000211
вопрос 0.000792 0.332575 0.000263
избранный 0.000792 0.133267 0.000106
отношение 0.003962 1.672425 0.006626
база 0.000792 1.280108 0.001014
пользоваться 0.002377 1.424498 0.003386
надлежащий 0.001585 6.672425 0.010576
смежный 0.000792 2.350497 0.001862
регулироваться 0.000792 6.672425 0.005285
основание 0.000792 5.672425 0.004493
структура 0.001585 2.148863 0.003406
пользование 0.002377 5.672425 0.013483
значение 0.000792 3.5025 0.002774
направить 0.000792 4.087463 0.003237
платёжный 0.000792 6.672425 0.005285
спор 0.00317 6.672425 0.021152
задавать 0.000792 0.765535 0.000606
приобретение 0.002377 6.672425 0.015860
запрос 0.000792 2.028569 0.001607
собрать 0.000792 0.944505 0.000748
администрация 0.014263 6.672425 0.095169
оскорбление 0.000792 6.672425 0.005285
дополнительный 0.00317 1.212994 0.003845
ненависть 0.000792 6.672425 0.005285
необходимый 0.000792 2.672425 0.002117
оферта 0.001585 0.133267 0.000211
публичноить 0.000792 6.672425 0.005285
раскрытие 0.001585 4.672425 0.007406
соответствие 0.000792 3.672425 0.002909
программа 0.00317 0.0 0.000000
жалобои 0.000792 6.672425 0.005285
вид 0.001585 1.5025 0.002381
пропагандировать 0.000792 6.672425 0.005285
немой 0.000792 2.584963 0.002047
расположить 0.000792 6.672425 0.005285
дать 0.000792 0.971986 0.000770
изменять 0.002377 5.087463 0.012093
поиск 0.001585 0.10257 0.000163
вред 0.000792 5.672425 0.004493
ру 0.000792 0.117836 0.000093
событие 0.001585 0.133267 0.000211
название 0.001585 3.672425 0.005821
указание 0.000792 6.672425 0.005285
попытка 0.000792 2.971986 0.002354
система 0.003962 2.148863 0.008514
определённый 0.000792 2.971986 0.002354
интерфея 0.001585 6.672425 0.010576
документ 0.003962 2.212994 0.008768
течение 0.001585 2.148863 0.003406
разрешить 0.000792 5.087463 0.004029
жестокость 0.000792 6.672425 0.005285
пароль 0.005547 0.133267 0.000739
меню 0.000792 0.117836 0.000093
знак 0.001585 2.86507 0.004541
содея 0.000792 6.672425 0.005285
коммуникация 0.000792 2.350497 0.001862
необходимои 0.000792 6.672425 0.005285
ценность 0.000792 4.672425 0.003701
означать 0.000792 4.087463 0.003237
характеристика 0.000792 4.672425 0.003701
метод 0.000792 2.212994 0.001753
сервис 0.005547 1.314873 0.007294
момент 0.002377 1.0 0.002377
фотографический 0.000792 6.672425 0.005285
относительно 0.001585 5.672425 0.008991
июнь 0.000792 6.672425 0.005285
внести 0.000792 5.087463 0.004029
юридический 0.000792 4.087463 0.003237
бесплатной 0.001585 6.672425 0.010576
публикация 0.000792 5.672425 0.004493
отслеживать 0.001585 3.350497 0.005311
неточность 0.000792 0.133267 0.000106
забыть 0.002377 0.133267 0.000317
управление 0.001585 0.10257 0.000163
условие 0.008716 0.028569 0.000249
эвм 0.000792 6.672425 0.005285
собственность 0.003962 0.133267 0.000528
исключение 0.000792 4.087463 0.003237
прекращение 0.001585 5.672425 0.008991
представление 0.000792 2.280108 0.001806
отзыв 0.000792 0.164631 0.000130
ущемление 0.000792 6.672425 0.005285
дизай 0.000792 6.672425 0.005285
загрузка 0.000792 3.86507 0.003061
лицо 0.010301 2.424498 0.024975
ресурс 0.001585 1.765535 0.002798
ской 0.006339 5.672425 0.035958
обращение 0.000792 2.350497 0.001862
также 0.010301 0.789782 0.008136
конкуренция 0.000792 6.672425 0.005285
источник 0.000792 3.350497 0.002654
наличие 0.000792 1.971986 0.001562
неимущественный 0.000792 6.672425 0.005285
достоверность 0.000792 6.672425 0.005285
право 0.014263 4.672425 0.066643
встречный 0.000792 4.350497 0.003446
отслеживание 0.000792 5.672425 0.004493
восстановить 0.000792 0.133267 0.000106
исполнитель 0.000792 5.087463 0.004029
использовать 0.006339 0.0 0.000000
товарный 0.001585 6.672425 0.010576
иллюстрация 0.000792 4.087463 0.003237
федерация 0.006339 4.672425 0.029619
содержащие 0.000792 6.672425 0.005285
вступать 0.001585 6.672425 0.010576
являться 0.007924 0.028569 0.000226
который 0.007924 0.057715 0.000457
координация 0.000792 6.672425 0.005285
согласие 0.00317 0.133267 0.000422
половой 0.000792 6.672425 0.005285
ознакомительный 0.001585 0.133267 0.000211
школьный 0.000792 0.133267 0.000106
совершение 0.001585 6.672425 0.010576
никакой 0.000792 1.718229 0.001361
безопасность 0.001585 4.087463 0.006479
войти 0.005547 0.117836 0.000654
электронной 0.000792 5.672425 0.004493
формирование 0.000792 3.86507 0.003061
опубликование 0.000792 6.672425 0.005285
претензия 0.00317 2.424498 0.007686
пройти 0.000792 0.133267 0.000106
орган 0.000792 4.672425 0.003701
религиозный 0.000792 5.672425 0.004493
перечисленный 0.001585 5.087463 0.008064
образование 0.001585 0.133267 0.000211
урегулирование 0.000792 6.672425 0.005285
обязательство 0.000792 5.672425 0.004493
связанный 0.001585 3.5025 0.005551
заявитель 0.000792 6.672425 0.005285
предварительный 0.000792 3.212994 0.002545
судебный 0.000792 5.672425 0.004493
шем 0.000792 5.672425 0.004493
точный 0.001585 0.117836 0.000187
ствуть 0.001585 5.672425 0.008991
исключительно 0.000792 5.087463 0.004029
обеспечить 0.000792 4.350497 0.003446
нормальный 0.000792 2.672425 0.002117
аннотация 0.000792 6.672425 0.005285
подробный 0.000792 0.10257 0.000081
ответ 0.000792 0.072512 0.000057
возмещаться 0.000792 6.672425 0.005285
предоставлять 0.00317 3.5025 0.011103
добровольный 0.001585 6.672425 0.010576
копирование 0.002377 0.133267 0.000317
саи 0.0729 5.672425 0.413520
логотип 0.000792 2.971986 0.002354
необходимо 0.000792 3.087463 0.002445
вмешиваться 0.000792 6.672425 0.005285
введение 0.000792 3.86507 0.003061
конфиденциальность 0.002377 0.0 0.000000
запрещаться 0.000792 5.672425 0.004493
календарный 0.000792 5.672425 0.004493
незаконной 0.000792 6.672425 0.005285
профессиональный 0.000792 0.117836 0.000093
обходить 0.000792 6.672425 0.005285
стиль 0.000792 3.350497 0.002654
предоставляться 0.000792 4.672425 0.003701
использование 0.008716 0.0 0.000000
расположение 0.000792 6.672425 0.005285
оказывать 0.000792 5.672425 0.004493
содержание 0.006339 1.087463 0.006893
получить 0.000792 0.014214 0.000011
связь 0.001585 0.133267 0.000211
рассматриваться 0.000792 5.672425 0.004493
технической 0.000792 6.672425 0.005285
термин 0.001585 2.86507 0.004541
позволяющие 0.000792 6.672425 0.005285
банк 0.000792 3.5025 0.002774
новой 0.000792 6.672425 0.005285
размещение 0.000792 5.672425 0.004493
дальнея 0.000792 5.672425 0.004493
средство 0.00317 3.087463 0.009787
сведение 0.000792 3.5025 0.002774
любой 0.025357 0.148863 0.003775
решение 0.000792 1.543142 0.001222
социальный 0.000792 2.86507 0.002269
истолковываться 0.000792 6.672425 0.005285
подстрекать 0.000792 6.672425 0.005285
официальный 0.001585 0.133267 0.000211
саморазвитие 0.000792 0.133267 0.000106
перевод 0.000792 4.087463 0.003237
принятие 0.000792 5.087463 0.004029
пользовательский 0.003962 0.117836 0.000467
физический 0.001585 4.672425 0.007406
текстовый 0.000792 3.350497 0.002654
иск 0.002377 6.672425 0.015860
ребёнок 0.000792 0.117836 0.000093
копировать 0.000792 4.087463 0.003237
неправомерный 0.000792 5.672425 0.004493
недобросовестноить 0.000792 6.672425 0.005285
последующий 0.000792 4.350497 0.003446
обеспечение 0.001585 4.672425 0.007406
язык 0.000792 0.043069 0.000034
ниже 0.000792 0.944505 0.000748
оценка 0.000792 0.117836 0.000093
политика 0.001585 0.0 0.000000
информацией 0.000792 6.672425 0.005285
вправе 0.003962 5.672425 0.022474
представитель 0.000792 0.543142 0.000430
работой 0.000792 6.672425 0.005285
носить 0.001585 0.133267 0.000211
защита 0.001585 1.246161 0.001975
форма 0.000792 1.424498 0.001128
законодательство 0.008716 4.087463 0.035626
подтверждение 0.000792 0.133267 0.000106
персональный 0.00317 2.087463 0.006617
текст 0.003962 0.072512 0.000287
уведомление 0.002377 5.087463 0.012093
сравнить 0.000792 0.133267 0.000106
сы 0.001585 6.672425 0.010576
ограничение 0.001585 5.087463 0.008064
электрический 0.000792 6.672425 0.005285
заблуждение 0.000792 6.672425 0.005285
несовершеннолетний 0.000792 6.672425 0.005285
собои 0.000792 5.672425 0.004493
учисьонлайн 0.000792 0.133267 0.000106
разрешение 0.000792 6.672425 0.005285
составной 0.000792 6.672425 0.005285
получатель 0.000792 5.672425 0.004493
разногласие 0.000792 6.672425 0.005285
заказ 0.000792 2.765535 0.002190
перечень 0.000792 5.672425 0.004493
выполнять 0.000792 1.462972 0.001159
навигационный 0.000792 6.672425 0.005285
дея 0.011094 5.672425 0.062930
охраняемои 0.000792 6.672425 0.005285
продавец 0.000792 6.672425 0.005285
общий 0.000792 0.212994 0.000169
весь 0.002377 0.0 0.000000
скрытие 0.000792 6.672425 0.005285
письменный 0.000792 4.672425 0.003701
относящей 0.000792 6.672425 0.005285
ссылка 0.000792 0.087463 0.000069
предложение 0.001585 1.971986 0.003126
функция 0.000792 1.584963 0.001255
присоединиться 0.000792 4.350497 0.003446
нарушающей 0.000792 6.672425 0.005285
компьютерный 0.000792 3.087463 0.002445
доменный 0.000792 6.672425 0.005285
ручной 0.000792 6.672425 0.005285
оставляться 0.000792 6.672425 0.005285
ств 0.000792 6.672425 0.005285
положение 0.003962 4.350497 0.017237
достаточный 0.000792 5.087463 0.004029
оказание 0.000792 6.672425 0.005285
установление 0.000792 5.087463 0.004029
раздел 0.000792 0.10257 0.000081
получение 0.00317 1.86507 0.005912
обновить 0.000792 1.765535 0.001398
причинение 0.000792 6.672425 0.005285
ещё 0.001585 0.028569 0.000045
главный 0.000792 0.650058 0.000515
определение 0.000792 3.672425 0.002909
объект 0.000792 2.765535 0.002190
требовать 0.001585 3.350497 0.005311
сбой 0.000792 6.672425 0.005285
зарегистрироваться 0.002377 0.133267 0.000317
рекламный 0.000792 2.028569 0.001607
нарушение 0.004754 5.672425 0.026967
предпринимать 0.000792 6.672425 0.005285
каталог 0.000792 0.133267 0.000106
представить 0.000792 3.350497 0.002654
указанный 0.000792 4.672425 0.003701
предоставляемои 0.000792 6.672425 0.005285
включая 0.002377 0.087463 0.000208
распространять 0.002377 3.350497 0.007964
норма 0.000792 3.087463 0.002445
операция 0.000792 4.350497 0.003446
технический 0.000792 1.765535 0.001398
проблема 0.000792 0.789782 0.000626
автор 0.002377 0.133267 0.000317
пользователей 0.00317 5.672425 0.017982
сотрудник 0.000792 2.672425 0.002117
разрешаться 0.000792 6.672425 0.005285
интеллектуальноить 0.002377 6.672425 0.015860
элемент 0.001585 0.0 0.000000
вследствие 0.001585 5.672425 0.008991
характер 0.002377 0.133267 0.000317
результат 0.002377 0.606336 0.001441
конфиденциальный 0.000792 6.672425 0.005285
цель 0.002377 1.86507 0.004433
ответственность 0.00317 3.672425 0.011642
входящий 0.001585 6.672425 0.010576
приобретать 0.000792 5.672425 0.004493
признак 0.000792 4.672425 0.003701
сохранность 0.000792 5.672425 0.004493
покупка 0.000792 2.971986 0.002354
посчитать 0.000792 4.350497 0.003446
иной 0.004754 2.148863 0.010216
меньшинство 0.000792 6.672425 0.005285
материал 0.002377 0.164631 0.000391
удалять 0.000792 5.672425 0.004493
оставлять 0.000792 0.584963 0.000463
нести 0.00317 5.087463 0.016127
ся 0.000792 6.672425 0.005285
возникнуть 0.000792 1.246161 0.000987
зарегистрировать 0.002377 0.117836 0.000280
сопутствовать 0.000792 6.672425 0.005285
число 0.000792 2.672425 0.002117
предлагать 0.002377 2.280108 0.005420
ство 0.001585 6.672425 0.010576
часть 0.000792 1.387023 0.001099
произведение 0.002377 4.672425 0.011106
