термин tf idf tf-idf
пошаговый 0.001294 2.212994 0.002864
заведение 0.003881 0.133267 0.000517
гость 0.001294 0.133267 0.000172
большой 0.001294 0.584963 0.000757
хороший 0.002587 0.057715 0.000149
месяц 0.003881 0.368645 0.001431
интеллектуальный 0.002587 0.117836 0.000305
свободный 0.001294 1.628031 0.002107
практический 0.001294 0.350497 0.000454
платный 0.001294 1.350497 0.001748
нужно 0.009056 0.263034 0.002382
агрегатор 0.001294 0.133267 0.000172
мотивация 0.002587 4.087463 0.010574
многие 0.001294 2.148863 0.002781
выслушивать 0.001294 6.672425 0.008634
продвигать 0.001294 2.765535 0.003579
среди 0.001294 3.087463 0.003995
познакомиться 0.001294 3.087463 0.003995
блог 0.006468 0.0 0.000000
инструкция 0.001294 3.672425 0.004752
обучать 0.002587 0.117836 0.000305
проницательный 0.001294 6.672425 0.008634
диплом 0.003881 0.789782 0.003065
предстоять 0.001294 5.087463 0.006583
предмет 0.001294 1.5025 0.001944
собеседник 0.001294 4.672425 0.006046
соглашение 0.001294 0.133267 0.000172
тренд 0.001294 2.350497 0.003042
онлайн 0.012937 0.117836 0.001524
мочь 0.003881 0.0 0.000000
учебный 0.003881 0.0 0.000000
вакансия 0.001294 2.028569 0.002625
потребоваться 0.001294 3.86507 0.005001
фамилия 0.001294 0.133267 0.000172
личный 0.003881 0.297386 0.001154
проводить 0.001294 1.628031 0.002107
экзамен 0.001294 3.350497 0.004336
правильный 0.001294 1.718229 0.002223
оценить 0.001294 1.424498 0.001843
мероприятие 0.003881 1.86507 0.007238
основа 0.002587 0.741688 0.001919
следующий 0.001294 1.387023 0.001795
каждый 0.002587 0.133267 0.000345
недавно 0.001294 2.971986 0.003846
го 0.001294 5.672425 0.007340
март 0.001294 1.672425 0.002164
сколько 0.001294 2.280108 0.002950
имя 0.001294 0.014214 0.000018
испытательный 0.001294 4.672425 0.006046
длиться 0.002587 1.765535 0.004567
юбэнкс 0.001294 6.672425 0.008634
качество 0.002587 1.212994 0.003138
талант 0.001294 5.672425 0.007340
юриспруденция 0.001294 5.672425 0.007340
случай 0.001294 1.971986 0.002552
интересовать 0.001294 0.584963 0.000757
придерживаться 0.001294 5.087463 0.006583
разместить 0.002587 0.117836 0.000305
возможность 0.001294 0.765535 0.000991
бизнес 0.001294 0.117836 0.000152
проф 0.001294 6.672425 0.008634
аналитик 0.001294 1.718229 0.002223
человек 0.003881 1.180572 0.004582
сделать 0.001294 0.672425 0.000870
организация 0.001294 1.584963 0.002051
должный 0.002587 1.765535 0.004567
визуальный 0.002587 0.133267 0.000345
дистанционно 0.001294 1.314873 0.001701
подготовить 0.003881 2.584963 0.010032
стрессоустойчивый 0.001294 6.672425 0.008634
инициативный 0.001294 6.672425 0.008634
посмотреть 0.001294 0.765535 0.000991
оформить 0.001294 3.5025 0.004532
проект 0.001294 0.0 0.000000
статья 0.005175 1.117836 0.005785
снять 0.001294 4.087463 0.005289
карьера 0.005175 1.672425 0.008655
б 0.001294 5.672425 0.007340
обучаться 0.001294 0.789782 0.001022
цена 0.001294 0.297386 0.000385
отправить 0.001294 0.10257 0.000133
стажёр 0.001294 6.672425 0.008634
составить 0.001294 1.350497 0.001748
поэтому 0.002587 0.650058 0.001682
определиться 0.001294 4.350497 0.005630
специалист 0.001294 0.718229 0.000929
начать 0.002587 1.057715 0.002736
иметь 0.001294 1.424498 0.001843
всё 0.003881 0.014214 0.000055
базовый 0.001294 1.628031 0.002107
например 0.002587 1.148863 0.002972
персонал 0.015524 2.280108 0.035396
обратный 0.001294 0.072512 0.000094
внимание 0.002587 1.584963 0.004100
яндекс 0.002587 0.133267 0.000345
благодаря 0.001294 1.814444 0.002348
около 0.001294 0.133267 0.000172
апр 0.003881 2.424498 0.009409
рекомендовать 0.001294 0.5025 0.000650
кабинет 0.001294 0.387023 0.000501
год 0.002587 0.387023 0.001001
книга 0.001294 2.087463 0.002701
протяжение 0.001294 6.672425 0.008634
время 0.007762 0.014214 0.000110
далее 0.001294 0.584963 0.000757
кадровый 0.002587 2.5025 0.006474
рекомендация 0.001294 1.180572 0.001528
выстроить 0.001294 6.672425 0.008634
резюме 0.002587 2.424498 0.006272
комментарий 0.007762 0.10257 0.000796
компромисс 0.001294 6.672425 0.008634
финансы 0.001294 0.133267 0.000172
соболев 0.002587 1.543142 0.003992
срок 0.002587 1.672425 0.004327
начинать 0.001294 1.718229 0.002223
это 0.003881 0.014214 0.000055
знать 0.003881 0.672425 0.002610
терять 0.001294 5.672425 0.007340
эффективный 0.001294 1.917538 0.002481
ошибка 0.002587 0.072512 0.000188
сообщить 0.001294 0.133267 0.000172
класс 0.001294 2.087463 0.002701
возможно 0.001294 2.424498 0.003137
читать 0.002587 1.117836 0.002892
регистрация 0.002587 0.133267 0.000345
наём 0.001294 6.672425 0.008634
наш 0.002587 1.148863 0.002972
кук 0.001294 0.133267 0.000172
частый 0.001294 3.212994 0.004158
потратить 0.001294 1.86507 0.002413
зарабатывать 0.001294 2.148863 0.002781
коммуникабельность 0.001294 5.672425 0.007340
иностранный 0.001294 0.133267 0.000172
топ 0.001294 2.672425 0.003458
мальцев 0.001294 6.672425 0.008634
освоить 0.005175 1.246161 0.006449
запретить 0.002587 0.133267 0.000345
иванов 0.001294 5.087463 0.006583
задача 0.001294 1.057715 0.001369
сайт 0.007762 0.0 0.000000
школа 0.010349 0.133267 0.001379
несколько 0.001294 0.606336 0.000785
подходить 0.002587 1.028569 0.002661
ученик 0.002587 0.164631 0.000426
обучение 0.009056 0.087463 0.000792
работать 0.005175 0.133267 0.000690
свой 0.005175 0.043069 0.000223
избегать 0.001294 5.672425 0.007340
выпускник 0.002587 2.971986 0.007689
стоящий 0.001294 6.672425 0.008634
сообщество 0.001294 4.672425 0.006046
либо 0.001294 2.280108 0.002950
экономика 0.001294 3.087463 0.003995
курс 0.018111 0.057715 0.001045
пользователь 0.001294 0.482601 0.000624
информация 0.006468 0.057715 0.000373
неконфликтный 0.001294 6.672425 0.008634
прочтение 0.001294 5.087463 0.006583
вк 0.002587 0.133267 0.000345
вопрос 0.001294 0.332575 0.000430
юлия 0.002587 0.628031 0.001625
собеседование 0.003881 2.765535 0.010733
избранный 0.001294 0.133267 0.000172
сообщать 0.001294 5.672425 0.007340
отношение 0.001294 1.672425 0.002164
разный 0.001294 0.584963 0.000757
работодатель 0.001294 1.628031 0.002107
кадр 0.001294 4.087463 0.005289
чуткий 0.001294 6.672425 0.008634
занятие 0.001294 0.314873 0.000407
моск 0.003881 1.917538 0.007442
квалификация 0.002587 1.765535 0.004567
собрать 0.001294 0.944505 0.001222
психология 0.005175 2.280108 0.011800
дополнительный 0.001294 1.212994 0.001570
уйти 0.001294 2.765535 0.003579
кодекс 0.001294 5.672425 0.007340
особенность 0.002587 0.246161 0.000637
тема 0.001294 0.148863 0.000193
оферта 0.002587 0.133267 0.000345
программа 0.006468 0.0 0.000000
компания 0.001294 1.028569 0.001331
зачастую 0.001294 0.606336 0.000785
сдавать 0.001294 2.86507 0.003707
совет 0.003881 0.891066 0.003458
написать 0.002587 0.462972 0.001198
инструмент 0.001294 0.789782 0.001022
старт 0.001294 2.280108 0.002950
быстрый 0.001294 2.028569 0.002625
посещать 0.001294 2.765535 0.003579
ру 0.003881 0.117836 0.000457
стоить 0.001294 0.789782 0.001022
российский 0.001294 2.584963 0.003345
событие 0.002587 0.133267 0.000345
терпеливый 0.002587 6.672425 0.017262
почитать 0.001294 1.971986 0.002552
документ 0.002587 2.212994 0.005725
делиться 0.001294 1.314873 0.001701
штраф 0.001294 5.672425 0.007340
обладать 0.001294 4.672425 0.006046
пароль 0.009056 0.133267 0.001207
университет 0.001294 1.971986 0.002552
меню 0.001294 0.117836 0.000152
период 0.001294 2.765535 0.003579
ценность 0.001294 4.672425 0.006046
самостоятельно 0.002587 1.028569 0.002661
рассматривать 0.001294 2.86507 0.003707
правильно 0.001294 1.543142 0.001997
чей 0.001294 4.672425 0.006046
разделять 0.001294 5.087463 0.006583
уметь 0.001294 1.350497 0.001748
краткосрочный 0.001294 5.672425 0.007340
неточность 0.002587 0.133267 0.000345
забыть 0.003881 0.133267 0.000517
управление 0.009056 0.10257 0.000929
условие 0.002587 0.028569 0.000074
ваш 0.001294 0.280108 0.000362
помнить 0.001294 4.672425 0.006046
руководитель 0.001294 2.5025 0.003238
собственность 0.002587 0.133267 0.000345
заинтересовать 0.001294 5.672425 0.007340
уделять 0.001294 2.280108 0.002950
представление 0.001294 2.280108 0.002950
отзыв 0.001294 0.164631 0.000213
повышать 0.001294 2.86507 0.003707
развитой 0.001294 6.672425 0.008634
стать 0.007762 0.695145 0.005396
руководство 0.002587 2.028569 0.005248
подписаться 0.001294 5.672425 0.007340
вуз 0.005175 4.350497 0.022514
также 0.002587 0.789782 0.002043
редактор 0.002587 1.0 0.002587
наличие 0.001294 1.971986 0.002552
зарплата 0.001294 2.971986 0.003846
отвечать 0.001294 0.5025 0.000650
разбор 0.001294 1.314873 0.001701
активный 0.002587 5.087463 0.013161
новый 0.001294 0.263034 0.000340
успешный 0.001294 3.350497 0.004336
среднее 0.002587 3.86507 0.009999
побеждать 0.001294 6.672425 0.008634
отдавать 0.001294 5.672425 0.007340
рекрутмент 0.002587 5.672425 0.014675
задать 0.001294 0.462972 0.000599
восстановить 0.001294 0.133267 0.000172
контакт 0.001294 2.212994 0.002864
р 0.002587 0.462972 0.001198
сертификат 0.001294 0.424498 0.000549
возраст 0.001294 3.212994 0.004158
нуль 0.009056 0.86507 0.007834
использовать 0.001294 0.0 0.000000
пример 0.003881 0.814444 0.003161
навык 0.002587 0.86507 0.002238
нагрузка 0.001294 3.86507 0.005001
являться 0.005175 0.028569 0.000148
который 0.006468 0.057715 0.000373
помощь 0.001294 0.280108 0.000362
согласие 0.002587 0.133267 0.000345
учёба 0.001294 1.212994 0.001570
ознакомительный 0.002587 0.133267 0.000345
школьный 0.001294 0.133267 0.000172
рассказать 0.001294 0.944505 0.001222
уверенный 0.001294 2.765535 0.003579
специальный 0.002587 1.628031 0.004212
войти 0.010349 0.117836 0.001219
выбирать 0.001294 1.246161 0.001613
внимательность 0.001294 5.672425 0.007340
предпочтение 0.001294 5.087463 0.006583
выбрать 0.002587 0.443607 0.001148
перечисленный 0.001294 5.087463 0.006583
образование 0.007762 0.133267 0.001034
предприятие 0.001294 4.087463 0.005289
менеджер 0.023286 0.917538 0.021366
портфолио 0.001294 1.148863 0.001487
точный 0.002587 0.117836 0.000305
знающий 0.001294 6.672425 0.008634
здравствуйте 0.001294 3.212994 0.004158
факультет 0.001294 4.350497 0.005630
подробный 0.002587 0.10257 0.000265
ответ 0.001294 0.072512 0.000094
разобраться 0.002587 0.86507 0.002238
беспристрастный 0.001294 6.672425 0.008634
копирование 0.002587 0.133267 0.000345
литература 0.001294 2.765535 0.003579
специальность 0.001294 1.584963 0.002051
профессия 0.012937 0.584963 0.007568
доход 0.001294 4.087463 0.005289
конфиденциальность 0.001294 0.0 0.000000
мягкий 0.001294 6.672425 0.008634
удостоверение 0.001294 3.672425 0.004752
технология 0.001294 2.971986 0.003846
профессиональный 0.002587 0.117836 0.000305
бренд 0.001294 3.86507 0.005001
стиль 0.001294 3.350497 0.004336
стараться 0.002587 5.672425 0.014675
использование 0.002587 0.0 0.000000
готовый 0.001294 1.462972 0.001893
учитывать 0.001294 3.86507 0.005001
трудоустройство 0.002587 1.387023 0.003588
вебинар 0.005175 0.522678 0.002705
желание 0.001294 1.718229 0.002223
содержание 0.001294 1.087463 0.001407
стажировка 0.002587 2.86507 0.007412
получить 0.005175 0.014214 0.000074
связь 0.001294 0.133267 0.000172
трудовой 0.002587 5.087463 0.013161
отметить 0.001294 2.5025 0.003238
высокий 0.003881 1.212994 0.004708
любой 0.001294 0.148863 0.000193
аналитический 0.001294 4.087463 0.005289
решение 0.002587 1.543142 0.003992
деликатный 0.001294 6.672425 0.008634
доверительный 0.001294 6.672425 0.008634
крупный 0.001294 1.814444 0.002348
знание 0.001294 0.117836 0.000152
практика 0.002587 0.314873 0.000815
официальный 0.003881 0.133267 0.000517
апрель 0.003881 2.424498 0.009409
саморазвитие 0.001294 0.133267 0.000172
ценный 0.001294 1.117836 0.001446
прийтись 0.001294 1.0 0.001294
организаторский 0.001294 6.672425 0.008634
пользовательский 0.001294 0.117836 0.000152
бесплатно 0.003881 0.482601 0.001873
ребёнок 0.001294 0.117836 0.000152
общение 0.001294 1.350497 0.001748
подбор 0.007762 4.350497 0.033769
помощник 0.002587 4.087463 0.010574
язык 0.001294 0.043069 0.000056
оценка 0.003881 0.117836 0.000457
политика 0.002587 0.0 0.000000
аттестация 0.002587 3.86507 0.009999
ведущий 0.001294 1.917538 0.002481
обучиться 0.007762 1.86507 0.014477
представитель 0.001294 0.543142 0.000703
колледж 0.001294 5.087463 0.006583
пр 0.001294 1.5025 0.001944
помогать 0.001294 1.087463 0.001407
носить 0.002587 0.133267 0.000345
институт 0.001294 3.087463 0.003995
повышение 0.001294 1.387023 0.001795
увольнение 0.001294 5.087463 0.006583
искусство 0.001294 2.280108 0.002950
законодательство 0.001294 4.087463 0.005289
подтверждение 0.001294 0.133267 0.000172
текст 0.002587 0.072512 0.000188
менее 0.001294 4.672425 0.006046
опытный 0.001294 1.0 0.001294
профильный 0.002587 3.672425 0.009501
сравнить 0.001294 0.133267 0.000172
делопроизводство 0.001294 2.424498 0.003137
тематический 0.002587 2.5025 0.006474
методика 0.003881 3.5025 0.013593
кандидат 0.001294 3.350497 0.004336
провалить 0.001294 4.672425 0.006046
авторитарный 0.001294 6.672425 0.008634
направление 0.002587 0.280108 0.000725
учисьонлайн 0.003881 0.133267 0.000517
поискать 0.001294 0.314873 0.000407
теория 0.002587 0.5025 0.001300
пока 0.001294 0.563901 0.000730
смарт 0.001294 6.672425 0.008634
стрит 0.001294 6.672425 0.008634
переподготовка 0.001294 3.5025 0.004532
множество 0.001294 2.86507 0.003707
заниматься 0.001294 0.839535 0.001086
автоматизация 0.001294 3.86507 0.005001
работник 0.001294 2.584963 0.003345
секрет 0.001294 5.672425 0.007340
техника 0.001294 2.5025 0.003238
помочь 0.001294 0.765535 0.000991
способный 0.001294 5.087463 0.006583
изучать 0.002587 1.087463 0.002813
узнать 0.002587 0.443607 0.001148
чаран 0.001294 6.672425 0.008634
требоваться 0.001294 2.087463 0.002701
весь 0.005175 0.0 0.000000
современный 0.002587 1.971986 0.005102
ссылка 0.001294 0.087463 0.000113
найти 0.001294 0.765535 0.000991
компьютерный 0.001294 3.087463 0.003995
смочь 0.002587 0.628031 0.001625
проходить 0.001294 0.368645 0.000477
учиться 0.005175 0.482601 0.002497
подборка 0.002587 2.5025 0.006474
начинающий 0.003881 0.650058 0.002523
раздел 0.001294 0.10257 0.000133
получение 0.001294 1.86507 0.002413
изучить 0.002587 1.314873 0.003402
дальнейший 0.001294 1.543142 0.001997
самообладание 0.001294 6.672425 0.008634
актуальный 0.001294 1.718229 0.002223
ещё 0.002587 0.028569 0.000074
главный 0.003881 0.650058 0.002523
усилие 0.001294 3.5025 0.004532
итог 0.001294 1.462972 0.001893
опыт 0.001294 0.180572 0.000234
предпочитать 0.001294 5.672425 0.007340
краткий 0.001294 5.672425 0.007340
зарегистрироваться 0.005175 0.133267 0.000690
спокойный 0.001294 5.672425 0.007340
каталог 0.001294 0.133267 0.000172
должность 0.001294 2.584963 0.003345
включая 0.002587 0.087463 0.000226
гуманитарный 0.001294 6.672425 0.008634
эйчар 0.002587 5.672425 0.014675
мышление 0.001294 5.087463 0.006583
подойти 0.002587 0.443607 0.001148
эксперт 0.002587 0.718229 0.001858
наслать 0.001294 0.164631 0.000213
автор 0.002587 0.133267 0.000345
шаг 0.001294 2.765535 0.003579
сотрудник 0.003881 2.672425 0.010372
город 0.001294 2.86507 0.003707
часто 0.001294 2.584963 0.003345
рассчитывать 0.001294 2.971986 0.003846
элемент 0.002587 0.0 0.000000
характер 0.002587 0.133267 0.000345
ответственность 0.001294 3.672425 0.004752
бесплатный 0.001294 0.606336 0.000785
менеджмент 0.003881 2.424498 0.009409
прокачать 0.001294 4.672425 0.006046
оставлять 0.001294 0.584963 0.000757
зарегистрировать 0.005175 0.117836 0.000610
пройти 0.005175 0.133267 0.000690
