термин tf idf tf-idf
встречать 0.000319 3.087463 0.000985
джуниор 0.000638 2.424498 0.001547
пошаговый 0.000638 2.212994 0.001412
час 0.001276 1.765535 0.002253
впечатление 0.000957 1.148863 0.001099
заведение 0.000638 0.133267 0.000085
близкий 0.000319 4.350497 0.001388
свежеть 0.000319 3.212994 0.001025
гость 0.000319 0.133267 0.000043
особенно 0.000319 1.462972 0.000467
большой 0.001914 0.584963 0.001120
обработка 0.001276 1.584963 0.002022
хороший 0.003191 0.057715 0.000184
месяц 0.002234 0.368645 0.000824
интеллектуальный 0.000638 0.117836 0.000075
поздно 0.000319 3.087463 0.000985
трёхлетний 0.000319 3.212994 0.001025
объём 0.000957 1.917538 0.001835
свободный 0.000638 1.628031 0.001039
курировать 0.000638 2.280108 0.001455
друг 0.000957 1.350497 0.001292
выпуск 0.000319 2.971986 0.000948
одобрить 0.000319 0.86507 0.000276
довольный 0.000957 1.350497 0.001292
практический 0.003191 0.350497 0.001118
объяснить 0.000319 1.971986 0.000629
кроме 0.000319 2.5025 0.000798
вырастать 0.000319 3.212994 0.001025
нужно 0.000957 0.263034 0.000252
бонус 0.000319 2.5025 0.000798
агрегатор 0.000319 0.133267 0.000043
понятный 0.000957 1.628031 0.001558
многие 0.000638 2.148863 0.001371
искать 0.000638 1.0 0.000638
описание 0.000957 0.971986 0.000930
звук 0.000957 1.917538 0.001835
небольшой 0.001914 1.86507 0.003570
конец 0.001914 1.543142 0.002954
хобби 0.000319 2.148863 0.000685
проверяться 0.000319 0.814444 0.000260
подходящий 0.000638 0.280108 0.000179
допускать 0.000319 3.087463 0.000985
модуль 0.001276 1.424498 0.001818
существенно 0.000319 2.584963 0.000825
процесс 0.002553 0.563901 0.001440
честно 0.000319 3.212994 0.001025
поставщик 0.000319 3.087463 0.000985
волосова 0.000319 3.212994 0.001025
подождать 0.000638 3.087463 0.001970
выдаваться 0.000638 1.087463 0.000694
заказчик 0.001276 2.280108 0.002909
надеяться 0.000319 2.86507 0.000914
скиллов 0.000319 3.212994 0.001025
соответствовать 0.000638 1.350497 0.000862
переслушивать 0.000319 3.212994 0.001025
графический 0.000319 1.672425 0.000534
новичок 0.002234 0.443607 0.000991
интернет 0.002234 0.917538 0.002050
оплата 0.000638 1.86507 0.001190
блог 0.000957 0.0 0.000000
выполнение 0.000638 1.0 0.000638
отдельный 0.000957 1.718229 0.001644
дорого 0.000319 2.212994 0.000706
количество 0.000319 1.628031 0.000519
неоднозначный 0.000319 3.212994 0.001025
обучать 0.000957 0.117836 0.000113
объектный 0.000319 5.672425 0.001810
диплом 0.000957 0.789782 0.000756
сергей 0.001276 2.212994 0.002824
предмет 0.000319 1.5025 0.000479
командный 0.000957 3.350497 0.003206
долгожданный 0.000319 3.212994 0.001025
порог 0.000319 3.212994 0.001025
соглашение 0.000319 0.133267 0.000043
онлайн 0.004467 0.117836 0.000526
организовывать 0.000319 2.672425 0.000853
делать 0.001914 0.741688 0.001420
мочь 0.00351 0.0 0.000000
стратегия 0.000638 1.584963 0.001011
страшно 0.000319 3.212994 0.001025
прийти 0.000638 1.672425 0.001067
вакансия 0.000957 2.028569 0.001941
учебный 0.001914 0.0 0.000000
центр 0.000319 1.280108 0.000408
заявка 0.000319 2.280108 0.000727
фамилия 0.000319 0.133267 0.000043
личный 0.000638 0.297386 0.000190
приходиться 0.001595 2.148863 0.003427
конкретный 0.000319 2.280108 0.000727
студент 0.004786 1.0 0.004786
проводить 0.000319 1.628031 0.000519
график 0.000638 1.148863 0.000733
приятный 0.000638 1.5025 0.000959
кирилл 0.000957 2.350497 0.002249
правильный 0.000319 1.718229 0.000548
закрепляться 0.000319 1.814444 0.000579
видеоурок 0.000638 0.839535 0.000536
давать 0.003191 0.891066 0.002843
долго 0.000957 1.917538 0.001835
заставлять 0.000319 2.087463 0.000666
сравнение 0.000319 1.028569 0.000328
следующий 0.000957 1.387023 0.001327
каждый 0.002553 0.133267 0.000340
нужный 0.001595 0.814444 0.001299
татьяна 0.000638 1.86507 0.001190
вовлекать 0.000319 3.212994 0.001025
соцсеть 0.000638 1.628031 0.001039
высоковатый 0.000319 3.212994 0.001025
куратор 0.015316 1.543142 0.023635
насыщенный 0.000638 1.280108 0.000817
недавно 0.000638 2.971986 0.001896
существенный 0.000319 2.424498 0.000773
воронка 0.000319 3.212994 0.001025
сформироваться 0.000319 3.212994 0.001025
повторение 0.000319 3.087463 0.000985
имя 0.000319 0.014214 0.000005
домашний 0.009253 0.443607 0.004105
расход 0.000319 2.350497 0.000750
ошибиться 0.000319 2.350497 0.000750
развернуть 0.000319 1.917538 0.000612
широкий 0.000319 2.765535 0.000882
качество 0.002553 1.212994 0.003097
нечто 0.000319 3.212994 0.001025
госпрограмма 0.000638 3.212994 0.002050
интересовать 0.000638 0.584963 0.000373
разместить 0.000638 0.117836 0.000075
расписать 0.000319 3.212994 0.001025
возможность 0.001276 0.765535 0.000977
алексей 0.000319 2.424498 0.000773
спрашивать 0.000638 3.212994 0.002050
сеть 0.001276 1.057715 0.001350
маркетолог 0.000638 2.212994 0.001412
бизнес 0.001276 0.117836 0.000150
вырасти 0.000319 3.087463 0.000985
нок 0.000319 3.212994 0.001025
аналитик 0.001276 1.718229 0.002192
немало 0.000319 3.087463 0.000985
консультант 0.000319 3.087463 0.000985
удивить 0.000319 2.280108 0.000727
серьёзно 0.000319 2.280108 0.000727
копирайтинг 0.000319 1.180572 0.000377
человек 0.001914 1.180572 0.002260
нибыть 0.000638 2.028569 0.001294
сделать 0.000957 0.672425 0.000644
нацеленность 0.000319 3.212994 0.001025
организация 0.000638 1.584963 0.001011
соотношение 0.000319 3.087463 0.000985
тратить 0.000957 1.917538 0.001835
перегружаться 0.000319 2.5025 0.000798
визуальный 0.000638 0.133267 0.000085
рассказывать 0.001276 1.028569 0.001312
подача 0.001276 1.028569 0.001312
дистанционно 0.000319 1.314873 0.000419
перейти 0.000319 1.057715 0.000337
подготовить 0.000319 2.584963 0.000825
выполнить 0.000638 1.672425 0.001067
адекватно 0.000638 3.212994 0.002050
посмотреть 0.001276 0.765535 0.000977
домашка 0.000319 1.718229 0.000548
масштабироваться 0.000319 2.971986 0.000948
избавиться 0.000638 2.86507 0.001828
виктория 0.000319 1.628031 0.000519
жизнь 0.000957 1.917538 0.001835
директор 0.000319 2.765535 0.000882
м 0.000638 2.86507 0.001828
позвонить 0.000319 3.212994 0.001025
преподаватель 0.008934 0.263034 0.002350
доступ 0.001914 0.424498 0.000812
влад 0.000319 3.212994 0.001025
потребность 0.000319 3.087463 0.000985
относиться 0.000319 2.5025 0.000798
вещь 0.000319 2.087463 0.000666
инстаграм 0.000319 3.087463 0.000985
поступить 0.000319 3.087463 0.000985
контент 0.000319 1.86507 0.000595
придираться 0.000319 3.087463 0.000985
оформить 0.000319 3.5025 0.001117
проверять 0.003829 1.314873 0.005035
реализация 0.000319 2.672425 0.000853
писать 0.000638 1.628031 0.001039
совмещать 0.000957 2.86507 0.002742
видео 0.003191 0.789782 0.002520
арт 0.000319 3.212994 0.001025
платформа 0.000957 0.891066 0.000853
проект 0.003829 0.0 0.000000
просмотр 0.000638 1.672425 0.001067
виснуть 0.000319 3.212994 0.001025
настоящий 0.000638 2.087463 0.001332
программирование 0.000957 1.628031 0.001558
занимать 0.000638 2.971986 0.001896
целое 0.001276 1.212994 0.001548
учисьонлайн 0.000319 0.133267 0.000043
своевременный 0.000319 3.212994 0.001025
вода 0.001914 0.86507 0.001656
клуб 0.000319 2.86507 0.000914
начало 0.000957 1.246161 0.001193
карьера 0.000638 1.672425 0.001067
обучаться 0.000638 0.789782 0.000504
неплохой 0.000319 2.5025 0.000798
месячный 0.000319 2.86507 0.000914
иллюстратор 0.000638 2.971986 0.001896
чат 0.003191 0.891066 0.002843
сидеть 0.000319 2.148863 0.000685
цена 0.001914 0.297386 0.000569
рабочий 0.000957 1.462972 0.001400
настраивать 0.000319 2.584963 0.000825
советовать 0.000319 2.028569 0.000647
отправить 0.000319 0.10257 0.000033
запомнить 0.000319 1.86507 0.000595
доработка 0.000319 3.087463 0.000985
абстрактный 0.000319 3.212994 0.001025
урок 0.003829 0.297386 0.001139
составить 0.000319 1.350497 0.000431
рубрикатор 0.000319 0.350497 0.000112
подстраивать 0.000319 2.028569 0.000647
поэтому 0.003829 0.650058 0.002489
вполне 0.000638 2.5025 0.001597
понять 0.001276 1.028569 0.001312
специалист 0.000638 0.718229 0.000458
начать 0.000957 1.057715 0.001012
всё 0.008296 0.014214 0.000118
базовый 0.000319 1.628031 0.000519
иметь 0.000319 1.424498 0.000454
например 0.000638 1.148863 0.000733
постоянно 0.000319 2.424498 0.000773
понятно 0.000638 1.672425 0.001067
нелепый 0.000319 3.212994 0.001025
пара 0.000638 1.628031 0.001039
кейс 0.001595 1.180572 0.001883
упрощать 0.000319 2.86507 0.000914
волноваться 0.000638 3.087463 0.001970
теоретический 0.000957 1.584963 0.001517
содержать 0.000319 0.180572 0.000058
персонал 0.000319 2.280108 0.000727
просьба 0.001276 2.672425 0.003410
основный 0.000957 2.028569 0.001941
обратный 0.003829 0.072512 0.000278
реально 0.000319 1.543142 0.000492
автоматизировать 0.000319 3.212994 0.001025
глядеть 0.000638 3.087463 0.001970
наталья 0.000319 1.5025 0.000479
презентация 0.000319 1.971986 0.000629
причина 0.000319 1.765535 0.000563
уволиться 0.000319 3.212994 0.001025
яндекс 0.000638 0.133267 0.000085
успех 0.000638 2.672425 0.001705
очень 0.004148 1.387023 0.005753
благодаря 0.000319 1.814444 0.000579
данный 0.000638 1.86507 0.001190
около 0.000319 0.133267 0.000043
инст 0.000319 3.212994 0.001025
клиент 0.000638 1.462972 0.000933
нигде 0.000319 3.087463 0.000985
государство 0.000638 2.971986 0.001896
профессионал 0.000957 0.584963 0.000560
кабинет 0.000638 0.387023 0.000247
видеолекция 0.000319 1.5025 0.000479
координатор 0.000319 1.718229 0.000548
год 0.001595 0.387023 0.000617
книга 0.000638 2.087463 0.001332
максим 0.000319 1.814444 0.000579
увлекательный 0.000319 1.387023 0.000442
оформление 0.000319 2.028569 0.000647
сочетание 0.000957 2.424498 0.002320
успевать 0.000957 2.280108 0.002182
максимально 0.000319 1.814444 0.000579
опубликовать 0.000319 0.628031 0.000200
время 0.005424 0.014214 0.000077
злоупотреблять 0.000319 3.212994 0.001025
далее 0.004148 0.584963 0.002426
наплевательский 0.000638 3.212994 0.002050
нный 0.000319 2.212994 0.000706
бояться 0.000957 2.86507 0.002742
превратить 0.000319 3.087463 0.000985
знакомство 0.000319 2.672425 0.000853
рекомендация 0.000319 1.180572 0.000377
потолок 0.000319 2.971986 0.000948
работа 0.009572 0.10257 0.000982
почему 0.000319 2.86507 0.000914
резюме 0.000319 2.424498 0.000773
комментарий 0.002872 0.10257 0.000295
открыть 0.001276 2.028569 0.002588
комьюнити 0.000319 3.087463 0.000985
полина 0.000319 2.5025 0.000798
купить 0.001914 0.814444 0.001559
хронометраж 0.000319 3.212994 0.001025
финансы 0.000319 0.133267 0.000043
формат 0.002872 0.180572 0.000519
спасибо 0.000638 1.5025 0.000959
продавать 0.000638 2.350497 0.001500
приблизить 0.000319 2.971986 0.000948
ускоренный 0.000319 3.212994 0.001025
точка 0.000319 1.86507 0.000595
принимать 0.000638 0.628031 0.000401
идеальный 0.000319 2.028569 0.000647
находиться 0.000319 2.765535 0.000882
хватать 0.000319 1.917538 0.000612
этап 0.000319 2.148863 0.000685
это 0.004467 0.014214 0.000063
смотреть 0.001276 0.695145 0.000887
знать 0.000638 0.672425 0.000429
действительно 0.000957 1.087463 0.001041
доносить 0.000319 2.424498 0.000773
ндфл 0.000319 1.814444 0.000579
отсрочка 0.000319 3.212994 0.001025
просто 0.002872 0.718229 0.002063
соц 0.000319 2.584963 0.000825
эффективный 0.000319 1.917538 0.000612
данные 0.000319 1.212994 0.000387
проверка 0.000957 0.628031 0.000601
исправлять 0.000319 2.087463 0.000666
ошибка 0.003191 0.072512 0.000231
бывать 0.000319 2.350497 0.000750
обязательный 0.000319 2.672425 0.000853
подсказать 0.000638 3.212994 0.002050
сказать 0.000638 1.814444 0.001158
считать 0.000319 2.028569 0.000647
сообщить 0.000638 0.133267 0.000085
подбер 0.000319 6.672425 0.002129
возможно 0.000319 2.424498 0.000773
наставник 0.001595 0.839535 0.001339
решать 0.000319 2.584963 0.000825
удаться 0.000319 2.584963 0.000825
проектировать 0.000638 4.087463 0.002608
смм 0.000319 1.424498 0.000454
гораздо 0.000319 1.86507 0.000595
читать 0.000638 1.117836 0.000713
полгода 0.000319 2.86507 0.000914
регистрация 0.000638 0.133267 0.000085
видимо 0.000638 3.212994 0.002050
егоров 0.000319 3.212994 0.001025
английский 0.000638 1.86507 0.001190
наш 0.000319 1.148863 0.000366
восторг 0.000319 1.765535 0.000563
смартфон 0.000319 1.86507 0.000595
реальность 0.000319 3.86507 0.001233
изучение 0.000638 0.718229 0.000458
разбираться 0.000319 1.672425 0.000534
кук 0.000319 0.133267 0.000043
потратить 0.001595 1.86507 0.002975
классический 0.000319 2.86507 0.000914
юрий 0.000319 3.087463 0.000985
окупить 0.000319 3.212994 0.001025
дмитриевич 0.000319 3.087463 0.000985
виталий 0.000319 2.765535 0.000882
создавать 0.000957 0.971986 0.000930
компонент 0.000638 5.087463 0.003246
иностранный 0.000319 0.133267 0.000043
анимация 0.000638 3.350497 0.002138
оставаться 0.000319 1.0 0.000319
топ 0.000319 2.672425 0.000853
освоить 0.000957 1.246161 0.001193
визуализация 0.000319 2.584963 0.000825
неудачный 0.000319 3.212994 0.001025
запретить 0.000638 0.133267 0.000085
лендинга 0.000319 2.971986 0.000948
обещать 0.000319 2.424498 0.000773
серьёзный 0.000319 2.148863 0.000685
мороз 0.000319 3.212994 0.001025
задача 0.001595 1.057715 0.001687
получать 0.000957 0.765535 0.000733
александр 0.001276 1.314873 0.001678
слово 0.000319 1.387023 0.000442
нулевой 0.000638 2.5025 0.001597
последний 0.000638 1.5025 0.000959
сайт 0.001914 0.0 0.000000
школа 0.010211 0.133267 0.001361
день 0.001914 0.718229 0.001375
назаров 0.000319 3.212994 0.001025
лектор 0.000638 1.462972 0.000933
несколько 0.001914 0.606336 0.001161
зря 0.000319 2.584963 0.000825
вариант 0.000319 1.543142 0.000492
подрядчик 0.000319 3.212994 0.001025
вечер 0.000957 2.5025 0.002395
ужасный 0.000638 3.212994 0.002050
подходить 0.000319 1.028569 0.000328
остальной 0.000638 2.584963 0.001649
ученик 0.000957 0.164631 0.000158
прослушивание 0.000319 3.212994 0.001025
реагировать 0.000638 2.350497 0.001500
обучение 0.010849 0.087463 0.000949
конструктивный 0.000319 2.86507 0.000914
уровнять 0.000638 3.212994 0.002050
выбор 0.002553 1.087463 0.002776
оцифровывать 0.000319 3.212994 0.001025
заранее 0.000319 2.971986 0.000948
работать 0.002872 0.133267 0.000383
пробный 0.000319 2.280108 0.000727
прошлое 0.000319 3.212994 0.001025
свой 0.003829 0.043069 0.000165
архикад 0.000319 3.212994 0.001025
достоверный 0.000319 3.087463 0.000985
внутренний 0.000319 2.424498 0.000773
продолжительность 0.000319 1.028569 0.000328
елена 0.000638 1.86507 0.001190
курс 0.037332 0.057715 0.002155
сначала 0.000957 1.148863 0.001099
информация 0.007658 0.057715 0.000442
цвет 0.000319 2.350497 0.000750
пользователь 0.000319 0.482601 0.000154
удобно 0.000319 0.971986 0.000310
телеграм 0.000638 2.672425 0.001705
записаться 0.000638 2.5025 0.001597
развитие 0.000638 1.117836 0.000713
вк 0.000957 0.133267 0.000128
верно 0.000638 2.971986 0.001896
засчитать 0.013401 0.839535 0.011251
вопрос 0.007658 0.332575 0.002547
маркетинговый 0.000319 2.5025 0.000798
плохой 0.000319 3.087463 0.000985
отпускной 0.000319 3.212994 0.001025
собеседование 0.000319 2.765535 0.000882
избранный 0.000638 0.133267 0.000085
план 0.001276 1.462972 0.001867
ваничев 0.000319 3.212994 0.001025
понравиться 0.001276 1.180572 0.001506
отношение 0.000638 1.672425 0.001067
разный 0.000957 0.584963 0.000560
дополнять 0.000319 3.5025 0.001117
пользоваться 0.000319 1.424498 0.000454
масса 0.000638 2.087463 0.001332
полный 0.000319 1.424498 0.000454
состоять 0.000319 1.718229 0.000548
обнаружить 0.000319 2.971986 0.000948
смежный 0.000319 2.350497 0.000750
минута 0.000638 1.424498 0.000909
мешать 0.000319 2.584963 0.000825
однако 0.000638 2.424498 0.001547
полезно 0.000319 0.765535 0.000244
рубль 0.000638 2.280108 0.001455
структура 0.000319 2.148863 0.000685
занятие 0.005424 0.314873 0.001708
мидло 0.000638 3.087463 0.001970
неделя 0.000638 0.563901 0.000360
сразу 0.001276 0.628031 0.000801
задавать 0.000638 0.765535 0.000488
постепенно 0.000319 1.718229 0.000548
лайфхак 0.001914 1.584963 0.003034
создать 0.000638 1.246161 0.000795
эффект 0.000319 2.86507 0.000914
интересный 0.001914 0.628031 0.001202
минус 0.01053 0.789782 0.008316
запись 0.000638 0.606336 0.000387
уйти 0.000319 2.765535 0.000882
упор 0.000638 2.584963 0.001649
особенность 0.000319 0.246161 0.000079
студия 0.000638 2.672425 0.001705
лёгкий 0.000319 1.917538 0.000612
тема 0.001595 0.148863 0.000237
оферта 0.000638 0.133267 0.000085
салон 0.000638 3.212994 0.002050
учить 0.000319 1.424498 0.000454
надежда 0.000319 2.5025 0.000798
лукьянов 0.000638 2.424498 0.001547
программа 0.005743 0.0 0.000000
паразит 0.000319 3.212994 0.001025
вид 0.000319 1.5025 0.000479
последовательный 0.000638 3.087463 0.001970
компания 0.001276 1.028569 0.001312
олег 0.000319 2.584963 0.000825
зачастую 0.000319 0.606336 0.000193
дополнить 0.000319 3.5025 0.001117
поначалу 0.000319 2.424498 0.000773
поменять 0.000638 2.672425 0.001705
быстро 0.001595 0.917538 0.001463
приближ 0.000319 2.350497 0.000750
профи 0.000638 0.971986 0.000620
маркетинг 0.001595 0.695145 0.001109
дать 0.000957 0.971986 0.000930
дата 0.000319 2.424498 0.000773
подробно 0.001914 0.917538 0.001756
совет 0.001595 0.891066 0.001421
владимир 0.000319 2.765535 0.000882
поиск 0.001595 0.10257 0.000164
написать 0.002553 0.462972 0.001182
самостоятельный 0.000957 1.148863 0.001099
впоследствии 0.000319 3.212994 0.001025
инструмент 0.001595 0.789782 0.001260
поээтом 0.000319 3.212994 0.001025
команда 0.001595 1.424498 0.002272
программист 0.000319 4.350497 0.001388
мультик 0.000319 2.971986 0.000948
стоить 0.001276 0.789782 0.001008
емельяненков 0.000319 3.212994 0.001025
огромный 0.000638 1.917538 0.001223
никто 0.000319 1.628031 0.000519
событие 0.000638 0.133267 0.000085
записываться 0.000319 2.765535 0.000882
пятёрка 0.000319 3.212994 0.001025
взгляд 0.000638 1.765535 0.001126
стоимость 0.001276 0.695145 0.000887
попытка 0.000319 2.971986 0.000948
почитать 0.000957 1.971986 0.001887
течение 0.000319 2.148863 0.000685
налог 0.000319 2.584963 0.000825
дизайн 0.002872 0.765535 0.002199
слишком 0.000638 1.672425 0.001067
надоедать 0.000319 3.212994 0.001025
потерять 0.000638 2.86507 0.001828
рада 0.000319 2.86507 0.000914
любимый 0.000319 2.971986 0.000948
задание 0.009892 0.368645 0.003647
делиться 0.001276 1.314873 0.001678
бесполихина 0.000319 3.212994 0.001025
пароль 0.002234 0.133267 0.000298
дистанционный 0.000319 0.314873 0.000100
меню 0.000319 0.117836 0.000038
обмеинваться 0.000319 3.212994 0.001025
короткий 0.001276 1.314873 0.001678
знак 0.000319 2.86507 0.000914
виток 0.000319 3.212994 0.001025
коммуникация 0.000638 2.350497 0.001500
гарифуллин 0.000638 3.212994 0.002050
сложиться 0.000638 3.212994 0.002050
самостоятельно 0.000638 1.028569 0.000656
рассматривать 0.000319 2.86507 0.000914
уровень 0.001595 0.741688 0.001183
устройство 0.000957 3.212994 0.003075
мало 0.000319 1.387023 0.000442
заголовок 0.000319 0.839535 0.000268
книжка 0.000319 3.087463 0.000985
интегрировать 0.000638 4.672425 0.002981
слить 0.000319 3.212994 0.001025
питон 0.000319 3.087463 0.000985
сервис 0.000319 1.314873 0.000419
правильно 0.000319 1.543142 0.000492
обращаться 0.000319 2.424498 0.000773
страница 0.000638 0.314873 0.000201
момент 0.000957 1.0 0.000957
апенький 0.000319 3.212994 0.001025
ответственный 0.000638 2.148863 0.001371
понимание 0.000638 1.917538 0.001223
вычет 0.000319 1.718229 0.000548
организовать 0.000319 1.86507 0.000595
ругань 0.000638 3.212994 0.002050
тестировщик 0.000319 3.212994 0.001025
реклама 0.001276 0.332575 0.000424
любить 0.000319 2.350497 0.000750
ильдар 0.000638 3.212994 0.002050
подготавливать 0.000319 3.212994 0.001025
мечтать 0.000319 3.087463 0.000985
неточность 0.000319 0.133267 0.000043
ру 0.000319 0.117836 0.000038
нормально 0.000319 3.212994 0.001025
веб 0.000638 1.148863 0.000733
закрепить 0.000319 2.86507 0.000914
забыть 0.001595 0.133267 0.000213
управление 0.000638 0.10257 0.000065
условие 0.000957 0.028569 0.000027
чистый 0.000319 2.280108 0.000727
бьютя 0.000319 3.212994 0.001025
ца 0.000638 2.350497 0.001500
область 0.000319 2.028569 0.000647
мобильный 0.000957 1.917538 0.001835
предложить 0.000319 2.86507 0.000914
анализ 0.000638 1.350497 0.000862
поступать 0.000319 3.087463 0.000985
ваш 0.001914 0.280108 0.000536
собственность 0.000638 0.133267 0.000085
собственный 0.001276 1.0 0.001276
чертёж 0.000319 2.971986 0.000948
вернуть 0.000319 1.971986 0.000629
пожалеть 0.000638 2.148863 0.001371
отзыв 0.025526 0.164631 0.004202
шник 0.000319 3.212994 0.001025
менять 0.000638 2.5025 0.001597
повышать 0.000319 2.86507 0.000914
скиллбокс 0.001276 2.087463 0.002664
объяснять 0.001276 0.971986 0.001240
стать 0.001914 0.695145 0.001331
сложный 0.001276 0.839535 0.001071
руководство 0.000638 2.028569 0.001294
удобный 0.002553 0.314873 0.000804
покупать 0.000957 2.212994 0.002118
ресурс 0.000319 1.765535 0.000563
нанимать 0.000319 2.971986 0.000948
воспользоваться 0.000319 0.297386 0.000095
обращение 0.001276 2.350497 0.002999
буквально 0.000319 3.212994 0.001025
посоветовать 0.000957 3.212994 0.003075
матвей 0.000319 3.087463 0.000985
забывать 0.000319 2.86507 0.000914
завысить 0.000319 2.212994 0.000706
катарин 0.000638 3.212994 0.002050
управлять 0.000319 2.148863 0.000685
оптимальный 0.000319 2.350497 0.000750
мечта 0.000638 2.672425 0.001705
отрасль 0.001276 2.584963 0.003298
приемлемый 0.000319 1.718229 0.000548
создание 0.000638 1.424498 0.000909
полностью 0.000319 1.087463 0.000347
отвечать 0.001595 0.5025 0.000801
сммщик 0.000319 2.5025 0.000798
переход 0.000319 2.86507 0.000914
карьерный 0.000319 3.672425 0.001172
разбор 0.001276 1.314873 0.001678
углубиться 0.000319 2.087463 0.000666
новый 0.001276 0.263034 0.000336
лекция 0.000957 0.695145 0.000665
синицин 0.000319 3.212994 0.001025
идея 0.000319 2.148863 0.000685
студийный 0.000319 2.971986 0.000948
поток 0.000319 2.765535 0.000882
насыщенно 0.000319 2.5025 0.000798
пересмотреть 0.000319 1.971986 0.000629
задать 0.000957 0.462972 0.000443
восстановить 0.000319 0.133267 0.000043
говорить 0.000638 1.971986 0.001258
р 0.001914 0.462972 0.000886
функциональный 0.000319 5.672425 0.001810
появиться 0.000957 2.424498 0.002320
семён 0.000319 3.212994 0.001025
сертификат 0.001276 0.424498 0.000542
рука 0.000319 2.86507 0.000914
дипломный 0.000638 1.628031 0.001039
закреплять 0.000638 2.148863 0.001371
нуль 0.001914 0.86507 0.001656
артём 0.000319 2.087463 0.000666
использовать 0.000638 0.0 0.000000
проведение 0.000319 1.180572 0.000377
пример 0.001595 0.814444 0.001299
продвижение 0.000957 1.212994 0.001161
детальный 0.000319 2.424498 0.000773
кайф 0.000319 3.212994 0.001025
григораш 0.000319 3.212994 0.001025
ответственно 0.000319 2.350497 0.000750
получаться 0.000319 2.087463 0.000666
отложиться 0.000319 3.212994 0.001025
навык 0.001914 0.86507 0.001656
ведышева 0.000319 3.212994 0.001025
окончание 0.000319 0.86507 0.000276
переходить 0.000319 1.917538 0.000612
свежий 0.000319 2.280108 0.000727
приятно 0.000319 2.350497 0.000750
являться 0.001276 0.028569 0.000036
радовать 0.000319 3.212994 0.001025
грамотный 0.000319 1.246161 0.000398
который 0.006701 0.057715 0.000387
вспомнить 0.000319 3.212994 0.001025
выделять 0.000638 2.86507 0.001828
помощь 0.002234 0.280108 0.000626
согласие 0.000638 0.133267 0.000085
структурировать 0.000319 2.212994 0.000706
счастие 0.000319 2.584963 0.000825
увидеть 0.000319 2.5025 0.000798
видеть 0.001276 1.814444 0.002315
возникать 0.000638 1.765535 0.001126
настроить 0.000319 1.350497 0.000431
затягивать 0.000319 1.917538 0.000612
учёба 0.000957 1.212994 0.001161
ознакомительный 0.000638 0.133267 0.000085
школьный 0.000638 0.133267 0.000085
мо 0.000638 3.212994 0.002050
кампания 0.000638 2.212994 0.001412
подруга 0.000319 3.087463 0.000985
рассказать 0.000638 0.944505 0.000603
никакой 0.000319 1.718229 0.000548
содержательный 0.000319 2.424498 0.000773
специальный 0.000638 1.628031 0.001039
практически 0.000319 2.280108 0.000727
переделывать 0.000638 3.212994 0.002050
войти 0.002553 0.117836 0.000301
фидбек 0.000319 3.212994 0.001025
претензия 0.000319 2.424498 0.000773
поделиться 0.000319 0.584963 0.000187
микс 0.000319 3.212994 0.001025
выходить 0.000638 2.350497 0.001500
выбрать 0.004467 0.443607 0.001982
прохождение 0.000319 1.628031 0.000519
образование 0.000638 0.133267 0.000085
группа 0.000319 1.212994 0.000387
досконально 0.000638 3.087463 0.001970
тимлида 0.000319 5.672425 0.001810
менеджер 0.000957 0.917538 0.000878
касаться 0.000319 2.280108 0.000727
долгий 0.000319 2.148863 0.000685
портфолио 0.002872 1.148863 0.003300
хотя 0.002234 2.584963 0.005775
точный 0.000638 0.117836 0.000075
место 0.001276 1.765535 0.002253
простой 0.000638 0.789782 0.000504
нормальный 0.000638 2.672425 0.001705
подробный 0.001595 0.10257 0.000164
ответ 0.003191 0.072512 0.000231
разобраться 0.000319 0.86507 0.000276
дизайнер 0.000638 1.280108 0.000817
выучить 0.000319 2.028569 0.000647
взаимодействие 0.001276 2.86507 0.003656
фио 0.000319 0.814444 0.000260
копирование 0.000638 0.133267 0.000085
максимум 0.000319 1.543142 0.000492
специальность 0.000957 1.584963 0.001517
очно 0.000319 3.212994 0.001025
ментор 0.000319 2.672425 0.000853
торопить 0.000319 2.971986 0.000948
профессия 0.002872 0.584963 0.001680
жизненный 0.000319 2.148863 0.000685
коммерческий 0.000638 2.5025 0.001597
первый 0.002553 0.606336 0.001548
деньга 0.001595 1.180572 0.001883
атмосфера 0.000638 2.028569 0.001294
голова 0.000319 1.814444 0.000579
затрата 0.000319 3.087463 0.000985
конфиденциальность 0.000319 0.0 0.000000
ждать 0.000319 2.350497 0.000750
квест 0.000319 2.5025 0.000798
полезный 0.017549 0.522678 0.009172
профессиональный 0.000957 0.117836 0.000113
уходить 0.000638 3.212994 0.002050
сво 0.000319 2.5025 0.000798
планомерно 0.000319 3.212994 0.001025
использование 0.000638 0.0 0.000000
ориентировать 0.000638 3.087463 0.001970
готовый 0.000638 1.462972 0.000933
разрабатывать 0.000957 2.5025 0.002395
трудоустройство 0.000638 1.387023 0.000885
последовательность 0.000319 2.86507 0.000914
добрый 0.001276 2.350497 0.002999
вебинар 0.002872 0.522678 0.001501
желание 0.000319 1.718229 0.000548
макс 0.000319 3.212994 0.001025
прогресс 0.000638 2.5025 0.001597
недочёт 0.001276 2.087463 0.002664
содержание 0.000319 1.087463 0.000347
парсер 0.000319 3.212994 0.001025
нейронный 0.000319 3.672425 0.001172
получить 0.006701 0.014214 0.000095
связь 0.004786 0.133267 0.000638
интерьер 0.000957 2.028569 0.001941
показывать 0.001276 2.424498 0.003094
разбирать 0.000957 1.424498 0.001363
удалённый 0.000319 1.86507 0.000595
агентство 0.000638 3.087463 0.001970
высокий 0.000957 1.212994 0.001161
основное 0.000957 1.718229 0.001644
поддержка 0.001914 0.86507 0.001656
многое 0.000319 1.628031 0.000519
польза 0.000638 1.814444 0.001158
любой 0.000957 0.148863 0.000142
разобрать 0.000319 1.543142 0.000492
решение 0.000319 1.543142 0.000492
социальный 0.000638 2.86507 0.001828
скучный 0.000319 1.814444 0.000579
лишь 0.000319 2.424498 0.000773
учитель 0.000319 1.314873 0.000419
крупный 0.000319 1.814444 0.000579
компетентный 0.000319 1.814444 0.000579
знание 0.003191 0.117836 0.000376
идти 0.002234 1.212994 0.002710
практика 0.007339 0.314873 0.002311
скидка 0.001276 0.584963 0.000746
официальный 0.000638 0.133267 0.000085
сравнивать 0.000319 2.424498 0.000773
саморазвитие 0.000319 0.133267 0.000043
таки 0.000319 2.148863 0.000685
реб 0.000319 3.212994 0.001025
презентовать 0.000319 3.350497 0.001069
ценный 0.000638 1.117836 0.000713
достаточно 0.000319 1.462972 0.000467
успокаивать 0.000319 3.212994 0.001025
прийтись 0.000319 1.0 0.000319
информативный 0.001276 2.028569 0.002588
пользовательский 0.000319 0.117836 0.000038
реальный 0.004148 0.246161 0.001021
бесплатно 0.000638 0.482601 0.000308
качественно 0.000319 2.584963 0.000825
идрисович 0.000638 3.212994 0.002050
чащенко 0.000319 3.212994 0.001025
ребёнок 0.000319 0.117836 0.000038
общение 0.000638 1.350497 0.000862
немаленький 0.000319 3.212994 0.001025
язык 0.001914 0.043069 0.000082
дикция 0.000319 3.087463 0.000985
ниже 0.000638 0.944505 0.000603
оценка 0.000638 0.117836 0.000075
сайентист 0.000319 3.212994 0.001025
политика 0.000319 0.0 0.000000
п 0.000957 2.672425 0.002558
отрицательный 0.000638 2.280108 0.001455
настолько 0.000319 2.971986 0.000948
представитель 0.000638 0.543142 0.000347
пр 0.001595 1.5025 0.002396
сумма 0.000319 2.280108 0.000727
помогать 0.003191 1.087463 0.003470
носить 0.000638 0.133267 0.000085
повышение 0.000319 1.387023 0.000442
рассчитать 0.000638 1.424498 0.000909
владелец 0.000319 2.672425 0.000853
марк 0.000319 3.212994 0.001025
вести 0.000638 0.718229 0.000458
дз 0.001595 2.424498 0.003867
профессионализм 0.000319 2.280108 0.000727
форма 0.000319 1.424498 0.000454
системный 0.000957 2.5025 0.002395
собственно 0.000319 3.212994 0.001025
текст 0.000957 0.072512 0.000069
подтверждение 0.000319 0.133267 0.000043
удивиться 0.000319 3.212994 0.001025
лишний 0.000957 1.212994 0.001161
опытный 0.001276 1.0 0.001276
сравнить 0.000319 0.133267 0.000043
дозировать 0.000319 2.5025 0.000798
сокурсник 0.000638 2.424498 0.001547
блогер 0.000319 2.584963 0.000825
нравиться 0.000319 2.584963 0.000825
процент 0.000319 2.350497 0.000750
андрей 0.000319 2.86507 0.000914
разумный 0.000319 3.212994 0.001025
некоторый 0.000957 1.180572 0.001130
направление 0.001595 0.280108 0.000447
асинхронный 0.000319 5.672425 0.001810
рассрочка 0.002872 0.917538 0.002635
научиться 0.001276 0.584963 0.000746
поискать 0.000638 0.314873 0.000201
зрение 0.000319 2.765535 0.000882
основной 0.000957 1.028569 0.000984
роль 0.000319 2.765535 0.000882
теория 0.003829 0.5025 0.001924
всецело 0.000319 3.212994 0.001025
пока 0.001276 0.563901 0.000720
поработать 0.000319 2.765535 0.000882
возвращаться 0.000319 3.087463 0.000985
принять 0.000638 2.86507 0.001828
закрепление 0.000957 2.087463 0.001998
режим 0.000319 2.028569 0.000647
заказ 0.000319 2.765535 0.000882
давно 0.000319 1.117836 0.000357
причём 0.000319 2.86507 0.000914
галочка 0.000319 3.212994 0.001025
переживать 0.000319 3.087463 0.000985
доступный 0.000957 0.891066 0.000853
гуглить 0.000319 2.350497 0.000750
привязка 0.000319 3.212994 0.001025
выпытывать 0.000638 3.212994 0.002050
заниматься 0.002553 0.839535 0.002143
интенсив 0.000638 1.971986 0.001258
интересно 0.000319 1.087463 0.000347
удовольствие 0.000319 1.314873 0.000419
случайно 0.000319 3.212994 0.001025
терпеливо 0.000638 3.212994 0.002050
решить 0.00351 0.839535 0.002947
детство 0.000319 3.212994 0.001025
спикер 0.000638 1.5025 0.000959
тип 0.000638 0.741688 0.000473
красота 0.000319 1.917538 0.000612
необычный 0.000319 3.087463 0.000985
доступно 0.002234 1.028569 0.002298
помочь 0.000638 0.765535 0.000488
георгиев 0.000319 3.212994 0.001025
применить 0.000319 2.350497 0.000750
лидер 0.000319 2.971986 0.000948
выход 0.000319 3.087463 0.000985
изучать 0.000319 1.087463 0.000347
открывать 0.000319 3.087463 0.000985
общий 0.000638 0.212994 0.000136
индивидуальный 0.000957 1.117836 0.001070
узнать 0.000319 0.443607 0.000142
твёрдый 0.000319 3.212994 0.001025
требоваться 0.000638 2.087463 0.001332
мария 0.000638 1.814444 0.001158
белов 0.000319 3.087463 0.000985
весь 0.003829 0.0 0.000000
бросать 0.000319 2.424498 0.000773
магазин 0.000319 2.765535 0.000882
обмениваться 0.000319 3.212994 0.001025
з 0.002553 1.387023 0.003541
бюджет 0.000638 2.584963 0.001649
ссылка 0.001276 0.087463 0.000112
разработать 0.000319 1.971986 0.000629
найти 0.002872 0.765535 0.002199
потрудиться 0.000319 3.212994 0.001025
предложение 0.000319 1.971986 0.000629
функция 0.000638 1.584963 0.001011
подтвердить 0.000319 2.280108 0.000727
длительность 0.000319 0.297386 0.000095
устаревший 0.000638 1.86507 0.001190
самый 0.000957 0.584963 0.000560
ответить 0.003829 1.314873 0.005035
дело 0.000957 0.917538 0.000878
итоговый 0.000638 1.0 0.000638
проходить 0.003829 0.368645 0.001412
плюс 0.010849 0.765535 0.008305
сложность 0.000638 1.350497 0.000862
выходной 0.000319 1.917538 0.000612
учиться 0.002553 0.482601 0.001232
ютуба 0.000638 1.917538 0.001223
хотеться 0.000638 1.057715 0.000675
поднапрячься 0.000319 3.212994 0.001025
смочь 0.000319 0.628031 0.000200
качественный 0.001276 1.057715 0.001350
чёткий 0.000638 1.86507 0.001190
евгений 0.000957 1.543142 0.001477
записать 0.000638 2.087463 0.001332
однозначно 0.000319 2.148863 0.000685
отсутствие 0.000319 2.971986 0.000948
окупиться 0.000319 2.5025 0.000798
начинающий 0.000319 0.650058 0.000207
раздел 0.000319 0.10257 0.000033
денис 0.000319 3.212994 0.001025
вложение 0.000319 3.087463 0.000985
дальнейший 0.000319 1.543142 0.000492
указывать 0.000319 2.212994 0.000706
актуальный 0.000319 1.718229 0.000548
синтаксис 0.000319 2.584963 0.000825
ещё 0.00351 0.028569 0.000100
отрыв 0.000319 3.212994 0.001025
отличный 0.000957 1.057715 0.001012
принцип 0.000957 1.462972 0.001400
рост 0.000319 2.584963 0.000825
поваркова 0.000319 3.212994 0.001025
именно 0.000638 2.028569 0.001294
итог 0.000957 1.462972 0.001400
упираться 0.000319 3.212994 0.001025
опыт 0.003191 0.180572 0.000576
специализировать 0.000319 2.424498 0.000773
специализация 0.000319 5.672425 0.001810
продолжить 0.000319 2.86507 0.000914
зарегистрироваться 0.001276 0.133267 0.000170
рекламный 0.000957 2.028569 0.001941
каталог 0.000638 0.133267 0.000085
архитектура 0.000638 3.86507 0.002466
наладить 0.000319 3.087463 0.000985
лобозвать 0.000319 3.212994 0.001025
никак 0.000319 2.5025 0.000798
речь 0.000319 2.028569 0.000647
приложение 0.002553 2.087463 0.005329
должность 0.000319 2.584963 0.000825
показаться 0.000957 2.148863 0.002056
включая 0.000638 0.087463 0.000056
выйти 0.000638 2.86507 0.001828
норма 0.000638 3.087463 0.001970
научить 0.000638 2.212994 0.001412
тим 0.000319 3.212994 0.001025
знакомый 0.000319 2.087463 0.000666
продажа 0.000638 1.718229 0.001096
оплачивать 0.000957 2.5025 0.002395
наушник 0.000319 3.212994 0.001025
подойти 0.000319 0.443607 0.000142
клёвый 0.000319 3.212994 0.001025
тд 0.000638 3.212994 0.002050
рекламодатель 0.000319 0.350497 0.000112
эксперт 0.001276 0.718229 0.000916
подход 0.000957 1.0 0.000957
технический 0.000638 1.765535 0.001126
очный 0.000319 2.424498 0.000773
проблема 0.000319 0.789782 0.000252
наслать 0.000319 0.164631 0.000053
автор 0.000638 0.133267 0.000085
опция 0.000319 2.584963 0.000825
важный 0.000638 1.462972 0.000933
разжёвывать 0.000638 2.86507 0.001828
сменить 0.000319 5.087463 0.001623
больший 0.000319 0.695145 0.000222
интенсивный 0.000319 2.424498 0.000773
становиться 0.000319 2.212994 0.000706
инф 0.000638 2.350497 0.001500
пойти 0.000638 1.314873 0.000839
оптимизировать 0.000319 2.971986 0.000948
мебель 0.000319 3.212994 0.001025
грамотно 0.000319 1.462972 0.000467
доходчиво 0.000319 2.148863 0.000685
контекстный 0.000319 2.672425 0.000853
элементарно 0.000319 3.212994 0.001025
элемент 0.000638 0.0 0.000000
общаться 0.000957 1.462972 0.001400
характер 0.000638 0.133267 0.000085
результат 0.001914 0.606336 0.001161
пожалуйста 0.000638 3.087463 0.001970
выше 0.000319 2.280108 0.000727
хотеть 0.000957 0.672425 0.000644
консультация 0.000319 2.087463 0.000666
бесплатный 0.000638 0.606336 0.000387
нудный 0.000319 2.087463 0.000666
дедлайн 0.000319 2.280108 0.000727
мес 0.001276 1.087463 0.001388
обзор 0.000319 2.86507 0.000914
иной 0.000319 2.148863 0.000685
цп 0.000638 3.212994 0.002050
сорваться 0.000638 3.212994 0.002050
построить 0.000319 1.387023 0.000442
разработка 0.004467 1.462972 0.006535
бухучёт 0.000319 2.584963 0.000825
таргетинг 0.000638 2.212994 0.001412
материал 0.002553 0.164631 0.000420
скорость 0.000319 2.148863 0.000685
оставлять 0.000638 0.584963 0.000373
возникнуть 0.000638 1.246161 0.000795
конкурент 0.000319 2.087463 0.000666
екатерина 0.000638 2.212994 0.001412
универ 0.000319 2.5025 0.000798
тяжело 0.000638 2.584963 0.001649
зарегистрировать 0.001276 0.117836 0.000150
достигнутый 0.000319 3.087463 0.000985
разработчик 0.004148 1.814444 0.007526
рынок 0.000319 2.148863 0.000685
щедро 0.000319 3.212994 0.001025
непонятный 0.000319 1.424498 0.000454
беспроцентный 0.000638 2.971986 0.001896
интерактивный 0.000319 1.672425 0.000534
демонстрация 0.000319 3.087463 0.000985
предлагать 0.000319 2.280108 0.000727
часть 0.001276 1.387023 0.001770
дочь 0.000638 3.212994 0.002050
блок 0.000319 1.628031 0.000519
мощный 0.000319 2.86507 0.000914
пройти 0.004786 0.133267 0.000638
