термин tf idf tf-idf
встречать 0.000343 3.087463 0.001059
джуниор 0.001028 2.424498 0.002492
пошаговый 0.000685 2.212994 0.001516
час 0.001028 1.765535 0.001815
впечатление 0.000685 1.148863 0.000787
заведение 0.000685 0.133267 0.000091
свежеть 0.000343 3.212994 0.001102
гость 0.000343 0.133267 0.000046
особенно 0.000343 1.462972 0.000502
большой 0.002055 0.584963 0.001202
обработка 0.000685 1.584963 0.001086
исследование 0.000343 4.087463 0.001402
хороший 0.003426 0.057715 0.000198
месяц 0.002398 0.368645 0.000884
интеллектуальный 0.000685 0.117836 0.000081
поздно 0.000343 3.087463 0.001059
трёхлетний 0.000343 3.212994 0.001102
объём 0.001028 1.917538 0.001971
свободный 0.000685 1.628031 0.001115
друг 0.001028 1.350497 0.001388
выпуск 0.000343 2.971986 0.001019
одобрить 0.000343 0.86507 0.000297
довольный 0.001028 1.350497 0.001388
практический 0.003083 0.350497 0.001081
объяснить 0.000343 1.971986 0.000676
кроме 0.000343 2.5025 0.000858
вырастать 0.000343 3.212994 0.001102
нужно 0.000685 0.263034 0.000180
бонус 0.000343 2.5025 0.000858
агрегатор 0.000343 0.133267 0.000046
понятный 0.00137 1.628031 0.002230
многие 0.000685 2.148863 0.001472
искать 0.000685 1.0 0.000685
описание 0.001028 0.971986 0.000999
конец 0.002055 1.543142 0.003171
звук 0.001028 1.917538 0.001971
небольшой 0.001713 1.86507 0.003195
хобби 0.000343 2.148863 0.000737
затем 0.000343 3.672425 0.001260
проверяться 0.000343 0.814444 0.000279
подходящий 0.000343 0.280108 0.000096
допускать 0.000343 3.087463 0.001059
честно 0.000343 3.212994 0.001102
существенно 0.000343 2.584963 0.000887
процесс 0.002741 0.563901 0.001546
модуль 0.000343 1.424498 0.000489
поставщик 0.000343 3.087463 0.001059
волосова 0.000343 3.212994 0.001102
подождать 0.000343 3.087463 0.001059
выдаваться 0.000685 1.087463 0.000745
заказчик 0.001713 2.280108 0.003906
надеяться 0.000343 2.86507 0.000983
скиллов 0.000343 3.212994 0.001102
соответствовать 0.000685 1.350497 0.000925
переслушивать 0.000343 3.212994 0.001102
графический 0.000343 1.672425 0.000574
интернет 0.002741 0.917538 0.002515
новичок 0.002055 0.443607 0.000912
оплата 0.000685 1.86507 0.001278
логика 0.000343 4.087463 0.001402
блог 0.001028 0.0 0.000000
выполнение 0.001028 1.0 0.001028
отдельный 0.000685 1.718229 0.001177
дорого 0.000343 2.212994 0.000759
количество 0.000343 1.628031 0.000558
неоднозначный 0.000343 3.212994 0.001102
обучать 0.000685 0.117836 0.000081
диплом 0.001028 0.789782 0.000812
сергей 0.001028 2.212994 0.002275
предмет 0.000343 1.5025 0.000515
защитить 0.000343 4.087463 0.001402
долгожданный 0.000343 3.212994 0.001102
азов 0.000343 2.86507 0.000983
порог 0.000343 3.212994 0.001102
соглашение 0.000343 0.133267 0.000046
онлайн 0.004796 0.117836 0.000565
организовывать 0.000343 2.672425 0.000917
делать 0.002055 0.741688 0.001524
мочь 0.003426 0.0 0.000000
стратегия 0.000685 1.584963 0.001086
страшно 0.000343 3.212994 0.001102
прийти 0.001028 1.672425 0.001719
вакансия 0.000685 2.028569 0.001390
учебный 0.001713 0.0 0.000000
центр 0.000685 1.280108 0.000877
заявка 0.000343 2.280108 0.000782
фамилия 0.000343 0.133267 0.000046
личный 0.000685 0.297386 0.000204
приходиться 0.001713 2.148863 0.003681
конкретный 0.000343 2.280108 0.000782
проводить 0.000685 1.628031 0.001115
студент 0.003768 1.0 0.003768
график 0.000685 1.148863 0.000787
приятный 0.000685 1.5025 0.001029
кирилл 0.001028 2.350497 0.002416
правильный 0.000343 1.718229 0.000589
закрепляться 0.000343 1.814444 0.000622
видеоурок 0.00137 0.839535 0.001150
давать 0.003426 0.891066 0.003053
долго 0.001028 1.917538 0.001971
заставлять 0.000343 2.087463 0.000716
основа 0.000343 0.741688 0.000254
сравнение 0.000343 1.028569 0.000353
следующий 0.000685 1.387023 0.000950
каждый 0.001713 0.133267 0.000228
нужный 0.002055 0.814444 0.001674
татьяна 0.000685 1.86507 0.001278
вовлекать 0.000343 3.212994 0.001102
соцсеть 0.000685 1.628031 0.001115
высоковатый 0.000343 3.212994 0.001102
куратор 0.01062 1.543142 0.016388
насыщенный 0.000685 1.280108 0.000877
недавно 0.000685 2.971986 0.002036
существенный 0.000343 2.424498 0.000832
воронка 0.000343 3.212994 0.001102
сформироваться 0.000343 3.212994 0.001102
повторение 0.000343 3.087463 0.001059
имя 0.000343 0.014214 0.000005
домашний 0.007879 0.443607 0.003495
расход 0.000343 2.350497 0.000806
ошибиться 0.000343 2.350497 0.000806
развернуть 0.000343 1.917538 0.000658
широкий 0.000343 2.765535 0.000949
качество 0.002398 1.212994 0.002909
интерфейс 0.001028 4.672425 0.004803
нечто 0.000343 3.212994 0.001102
госпрограмма 0.000343 3.212994 0.001102
интересовать 0.000685 0.584963 0.000401
разместить 0.000685 0.117836 0.000081
расписать 0.000343 3.212994 0.001102
возможность 0.001028 0.765535 0.000787
алексей 0.000343 2.424498 0.000832
спрашивать 0.000343 3.212994 0.001102
авторский 0.000343 2.86507 0.000983
вырасти 0.000685 3.087463 0.002115
маркетолог 0.000685 2.212994 0.001516
сеть 0.000343 1.057715 0.000363
бизнес 0.00137 0.117836 0.000161
нок 0.000343 3.212994 0.001102
аналитик 0.00137 1.718229 0.002354
немало 0.000343 3.087463 0.001059
удивить 0.000343 2.280108 0.000782
серьёзно 0.000343 2.280108 0.000782
копирайтинг 0.000343 1.180572 0.000405
человек 0.001713 1.180572 0.002022
нибыть 0.000343 2.028569 0.000696
сделать 0.001028 0.672425 0.000691
нацеленность 0.000343 3.212994 0.001102
организация 0.000685 1.584963 0.001086
соотношение 0.000343 3.087463 0.001059
тратить 0.000685 1.917538 0.001314
перегружаться 0.000343 2.5025 0.000858
визуальный 0.000685 0.133267 0.000091
рассказывать 0.001028 1.028569 0.001057
подача 0.00137 1.028569 0.001409
дистанционно 0.000343 1.314873 0.000451
перейти 0.000343 1.057715 0.000363
выполнить 0.000685 1.672425 0.001146
адекватно 0.000343 3.212994 0.001102
посмотреть 0.001028 0.765535 0.000787
домашка 0.000343 1.718229 0.000589
масштабироваться 0.000343 2.971986 0.001019
избавиться 0.000343 2.86507 0.000983
виктория 0.000343 1.628031 0.000558
жизнь 0.001028 1.917538 0.001971
директор 0.000343 2.765535 0.000949
м 0.000685 2.86507 0.001963
позвонить 0.000343 3.212994 0.001102
преподаватель 0.009592 0.263034 0.002523
доступ 0.002741 0.424498 0.001164
влад 0.000343 3.212994 0.001102
потребность 0.000343 3.087463 0.001059
относиться 0.000343 2.5025 0.000858
вещь 0.000343 2.087463 0.000716
инстаграм 0.000343 3.087463 0.001059
поступить 0.000343 3.087463 0.001059
контент 0.000343 1.86507 0.000640
придираться 0.000343 3.087463 0.001059
проверять 0.003426 1.314873 0.004505
реализация 0.000343 2.672425 0.000917
совмещать 0.001028 2.86507 0.002945
видео 0.002741 0.789782 0.002165
арт 0.000343 3.212994 0.001102
платформа 0.000685 0.891066 0.000610
проект 0.002055 0.0 0.000000
просмотр 0.000343 1.672425 0.000574
виснуть 0.000343 3.212994 0.001102
настоящий 0.000685 2.087463 0.001430
занимать 0.000343 2.971986 0.001019
целое 0.00137 1.212994 0.001662
учисьонлайн 0.000343 0.133267 0.000046
своевременный 0.000343 3.212994 0.001102
вода 0.002055 0.86507 0.001778
клуб 0.000343 2.86507 0.000983
начало 0.000685 1.246161 0.000854
карьера 0.000685 1.672425 0.001146
обучаться 0.000685 0.789782 0.000541
неплохой 0.000343 2.5025 0.000858
месячный 0.000343 2.86507 0.000983
иллюстратор 0.000685 2.971986 0.002036
чат 0.002398 0.891066 0.002137
сидеть 0.000343 2.148863 0.000737
цена 0.002055 0.297386 0.000611
рабочий 0.000343 1.462972 0.000502
настраивать 0.000343 2.584963 0.000887
советовать 0.000343 2.028569 0.000696
отправить 0.000343 0.10257 0.000035
запомнить 0.000343 1.86507 0.000640
доработка 0.000343 3.087463 0.001059
абстрактный 0.000343 3.212994 0.001102
урок 0.004111 0.297386 0.001223
составить 0.000343 1.350497 0.000463
рубрикатор 0.000343 0.350497 0.000120
подстраивать 0.000343 2.028569 0.000696
поэтому 0.004111 0.650058 0.002672
вполне 0.000685 2.5025 0.001714
понять 0.00137 1.028569 0.001409
специалист 0.001028 0.718229 0.000738
начать 0.00137 1.057715 0.001449
всё 0.007879 0.014214 0.000112
базовый 0.000343 1.628031 0.000558
иметь 0.000343 1.424498 0.000489
например 0.000343 1.148863 0.000394
постоянно 0.000343 2.424498 0.000832
понятно 0.000685 1.672425 0.001146
нелепый 0.000343 3.212994 0.001102
кейс 0.002055 1.180572 0.002426
пара 0.000685 1.628031 0.001115
упрощать 0.000343 2.86507 0.000983
волноваться 0.000685 3.087463 0.002115
теоретический 0.001028 1.584963 0.001629
содержать 0.000343 0.180572 0.000062
персонал 0.000343 2.280108 0.000782
просьба 0.000685 2.672425 0.001831
основный 0.000685 2.028569 0.001390
обратный 0.003426 0.072512 0.000248
реально 0.000343 1.543142 0.000529
автоматизировать 0.000343 3.212994 0.001102
глядеть 0.000343 3.087463 0.001059
наталья 0.000343 1.5025 0.000515
презентация 0.000343 1.971986 0.000676
причина 0.000343 1.765535 0.000606
уволиться 0.000343 3.212994 0.001102
яндекс 0.000685 0.133267 0.000091
успех 0.000685 2.672425 0.001831
очень 0.003768 1.387023 0.005226
благодаря 0.000343 1.814444 0.000622
данный 0.000343 1.86507 0.000640
около 0.000343 0.133267 0.000046
инст 0.000343 3.212994 0.001102
клиент 0.001028 1.462972 0.001504
нигде 0.000343 3.087463 0.001059
государство 0.000343 2.971986 0.001019
профессионал 0.001028 0.584963 0.000601
кабинет 0.000685 0.387023 0.000265
видеолекция 0.000343 1.5025 0.000515
координатор 0.000343 1.718229 0.000589
год 0.00137 0.387023 0.000530
книга 0.000685 2.087463 0.001430
максим 0.000343 1.814444 0.000622
увлекательный 0.000343 1.387023 0.000476
оформление 0.000343 2.028569 0.000696
сочетание 0.001028 2.424498 0.002492
успевать 0.001028 2.280108 0.002344
максимально 0.000343 1.814444 0.000622
опубликовать 0.000343 0.628031 0.000215
время 0.005139 0.014214 0.000073
злоупотреблять 0.000343 3.212994 0.001102
далее 0.003768 0.584963 0.002204
наплевательский 0.000343 3.212994 0.001102
бояться 0.001028 2.86507 0.002945
превратить 0.000343 3.087463 0.001059
знакомство 0.000343 2.672425 0.000917
рекомендация 0.000343 1.180572 0.000405
потолок 0.000343 2.971986 0.001019
работа 0.009935 0.10257 0.001019
почему 0.000343 2.86507 0.000983
комментарий 0.002741 0.10257 0.000281
открыть 0.00137 2.028569 0.002779
комьюнити 0.000343 3.087463 0.001059
полина 0.000343 2.5025 0.000858
купить 0.001713 0.814444 0.001395
хронометраж 0.000343 3.212994 0.001102
финансы 0.000343 0.133267 0.000046
формат 0.003083 0.180572 0.000557
спасибо 0.000343 1.5025 0.000515
приблизить 0.000343 2.971986 0.001019
ускоренный 0.000343 3.212994 0.001102
точка 0.000343 1.86507 0.000640
принимать 0.000685 0.628031 0.000430
идеальный 0.000343 2.028569 0.000696
находиться 0.000343 2.765535 0.000949
хватать 0.000343 1.917538 0.000658
это 0.004111 0.014214 0.000058
смотреть 0.00137 0.695145 0.000952
знать 0.000685 0.672425 0.000461
действительно 0.001028 1.087463 0.001118
доносить 0.000343 2.424498 0.000832
ндфл 0.000343 1.814444 0.000622
отсрочка 0.000343 3.212994 0.001102
просто 0.002398 0.718229 0.001722
соц 0.000343 2.584963 0.000887
эффективный 0.000343 1.917538 0.000658
данные 0.000343 1.212994 0.000416
проверка 0.001028 0.628031 0.000646
исправлять 0.000343 2.087463 0.000716
ошибка 0.003083 0.072512 0.000224
бывать 0.000343 2.350497 0.000806
обязательный 0.000343 2.672425 0.000917
подсказать 0.000343 3.212994 0.001102
сказать 0.000685 1.814444 0.001243
считать 0.000343 2.028569 0.000696
сообщить 0.000685 0.133267 0.000091
возможно 0.000343 2.424498 0.000832
наставник 0.002398 0.839535 0.002013
решать 0.000685 2.584963 0.001771
удаться 0.000343 2.584963 0.000887
проектировать 0.000685 4.087463 0.002800
смм 0.000343 1.424498 0.000489
гораздо 0.000343 1.86507 0.000640
читать 0.000343 1.117836 0.000383
регистрация 0.001028 0.133267 0.000137
полгода 0.000343 2.86507 0.000983
видимо 0.000343 3.212994 0.001102
егоров 0.000343 3.212994 0.001102
английский 0.000685 1.86507 0.001278
наш 0.000343 1.148863 0.000394
восторг 0.000343 1.765535 0.000606
смартфон 0.000343 1.86507 0.000640
изучение 0.000685 0.718229 0.000492
кук 0.000343 0.133267 0.000046
разбираться 0.000343 1.672425 0.000574
потратить 0.001713 1.86507 0.003195
классический 0.000343 2.86507 0.000983
юрий 0.000343 3.087463 0.001059
окупить 0.000343 3.212994 0.001102
дмитриевич 0.000343 3.087463 0.001059
виталий 0.000343 2.765535 0.000949
создавать 0.001028 0.971986 0.000999
иностранный 0.000343 0.133267 0.000046
оставаться 0.000343 1.0 0.000343
топ 0.000343 2.672425 0.000917
освоить 0.00137 1.246161 0.001707
визуализация 0.000343 2.584963 0.000887
неудачный 0.000343 3.212994 0.001102
запретить 0.000685 0.133267 0.000091
лендинга 0.000343 2.971986 0.001019
обещать 0.000343 2.424498 0.000832
серьёзный 0.000343 2.148863 0.000737
мороз 0.000343 3.212994 0.001102
задача 0.000685 1.057715 0.000725
александр 0.00137 1.314873 0.001801
получать 0.000343 0.765535 0.000263
слово 0.000343 1.387023 0.000476
нулевой 0.000685 2.5025 0.001714
последний 0.000685 1.5025 0.001029
сайт 0.002741 0.0 0.000000
школа 0.011305 0.133267 0.001507
назаров 0.000343 3.212994 0.001102
день 0.001028 0.718229 0.000738
лектор 0.000685 1.462972 0.001002
несколько 0.002055 0.606336 0.001246
зря 0.000343 2.584963 0.000887
вариант 0.000343 1.543142 0.000529
подрядчик 0.000343 3.212994 0.001102
вечер 0.000685 2.5025 0.001714
ужасный 0.000343 3.212994 0.001102
подходить 0.000343 1.028569 0.000353
остальной 0.000343 2.584963 0.000887
ученик 0.001028 0.164631 0.000169
прослушивание 0.000343 3.212994 0.001102
реагировать 0.000343 2.350497 0.000806
обучение 0.009592 0.087463 0.000839
конструктивный 0.000343 2.86507 0.000983
уровнять 0.000343 3.212994 0.001102
выбор 0.002398 1.087463 0.002608
воркшоп 0.000343 3.212994 0.001102
оцифровывать 0.000343 3.212994 0.001102
заранее 0.000343 2.971986 0.001019
работать 0.002398 0.133267 0.000320
пробный 0.000343 2.280108 0.000782
прошлое 0.000343 3.212994 0.001102
свой 0.004111 0.043069 0.000177
архикад 0.000343 3.212994 0.001102
достоверный 0.000343 3.087463 0.001059
внутренний 0.000343 2.424498 0.000832
продолжительность 0.000343 1.028569 0.000353
елена 0.000685 1.86507 0.001278
курс 0.038027 0.057715 0.002195
сначала 0.000685 1.148863 0.000787
пользователь 0.001713 0.482601 0.000827
информация 0.007879 0.057715 0.000455
цвет 0.000343 2.350497 0.000806
удобно 0.000343 0.971986 0.000333
телеграм 0.000685 2.672425 0.001831
записаться 0.000685 2.5025 0.001714
развитие 0.000685 1.117836 0.000766
вк 0.001028 0.133267 0.000137
верно 0.000343 2.971986 0.001019
засчитать 0.014046 0.839535 0.011792
вопрос 0.006509 0.332575 0.002165
маркетинговый 0.000343 2.5025 0.000858
плохой 0.000343 3.087463 0.001059
отпускной 0.000343 3.212994 0.001102
избранный 0.000685 0.133267 0.000091
план 0.00137 1.462972 0.002004
ваничев 0.000343 3.212994 0.001102
понравиться 0.00137 1.180572 0.001617
отношение 0.000343 1.672425 0.000574
разный 0.001028 0.584963 0.000601
пользоваться 0.000343 1.424498 0.000489
масса 0.000685 2.087463 0.001430
полный 0.000343 1.424498 0.000489
обнаружить 0.000343 2.971986 0.001019
смежный 0.000343 2.350497 0.000806
минута 0.000343 1.424498 0.000489
мешать 0.000343 2.584963 0.000887
однако 0.000685 2.424498 0.001661
полезно 0.000343 0.765535 0.000263
рубль 0.000343 2.280108 0.000782
структура 0.000343 2.148863 0.000737
занятие 0.005824 0.314873 0.001834
мидло 0.000343 3.087463 0.001059
неделя 0.000343 0.563901 0.000193
сразу 0.00137 0.628031 0.000860
задавать 0.000343 0.765535 0.000263
постепенно 0.000685 1.718229 0.001177
офлайн 0.000343 5.087463 0.001745
лайфхак 0.002055 1.584963 0.003257
создать 0.000343 1.246161 0.000427
эффект 0.000343 2.86507 0.000983
интересный 0.002055 0.628031 0.001291
минус 0.011305 0.789782 0.008928
запись 0.000685 0.606336 0.000415
уйти 0.000343 2.765535 0.000949
упор 0.000685 2.584963 0.001771
особенность 0.000343 0.246161 0.000084
студия 0.000685 2.672425 0.001831
лёгкий 0.000343 1.917538 0.000658
тема 0.002055 0.148863 0.000306
оферта 0.000685 0.133267 0.000091
салон 0.000685 3.212994 0.002201
учить 0.000343 1.424498 0.000489
надежда 0.000343 2.5025 0.000858
лукьянов 0.000685 2.424498 0.001661
программа 0.005824 0.0 0.000000
паразит 0.000343 3.212994 0.001102
вид 0.000343 1.5025 0.000515
компания 0.001713 1.028569 0.001762
последовательный 0.000685 3.087463 0.002115
олег 0.000343 2.584963 0.000887
зачастую 0.000343 0.606336 0.000208
поначалу 0.000343 2.424498 0.000832
поменять 0.000343 2.672425 0.000917
быстро 0.002055 0.917538 0.001886
профи 0.000685 0.971986 0.000666
маркетинг 0.001713 0.695145 0.001191
дать 0.001028 0.971986 0.000999
дата 0.000343 2.424498 0.000832
подробно 0.002055 0.917538 0.001886
совет 0.00137 0.891066 0.001221
владимир 0.000343 2.765535 0.000949
написать 0.002398 0.462972 0.001110
инструмент 0.002055 0.789782 0.001623
самостоятельный 0.001028 1.148863 0.001181
впоследствии 0.000343 3.212994 0.001102
поиск 0.00137 0.10257 0.000141
поээтом 0.000343 3.212994 0.001102
быстрый 0.000343 2.028569 0.000696
взгляд 0.000685 1.765535 0.001209
команда 0.001713 1.424498 0.002440
мультик 0.000343 2.971986 0.001019
ры 0.000343 6.672425 0.002289
емельяненков 0.000343 3.212994 0.001102
стоить 0.001028 0.789782 0.000812
огромный 0.000685 1.917538 0.001314
событие 0.000685 0.133267 0.000091
никто 0.000343 1.628031 0.000558
пятёрка 0.000343 3.212994 0.001102
записываться 0.000343 2.765535 0.000949
стоимость 0.00137 0.695145 0.000952
попытка 0.000343 2.971986 0.001019
почитать 0.001028 1.971986 0.002027
налог 0.000343 2.584963 0.000887
дизайн 0.004796 0.765535 0.003672
слишком 0.000685 1.672425 0.001146
надоедать 0.000343 3.212994 0.001102
потерять 0.000343 2.86507 0.000983
рада 0.000343 2.86507 0.000983
любимый 0.000343 2.971986 0.001019
задание 0.008907 0.368645 0.003284
делиться 0.00137 1.314873 0.001801
бесполихина 0.000343 3.212994 0.001102
пароль 0.002398 0.133267 0.000320
дистанционный 0.000343 0.314873 0.000108
меню 0.000343 0.117836 0.000040
обмеинваться 0.000343 3.212994 0.001102
короткий 0.001028 1.314873 0.001352
знак 0.000343 2.86507 0.000983
виток 0.000343 3.212994 0.001102
коммуникация 0.000685 2.350497 0.001610
гарифуллин 0.000343 3.212994 0.001102
сложиться 0.000343 3.212994 0.001102
самостоятельно 0.000685 1.028569 0.000705
рассматривать 0.000343 2.86507 0.000983
уровень 0.001713 0.741688 0.001271
мало 0.000343 1.387023 0.000476
заголовок 0.000343 0.839535 0.000288
книжка 0.000343 3.087463 0.001059
слить 0.000343 3.212994 0.001102
питон 0.000343 3.087463 0.001059
сервис 0.000343 1.314873 0.000451
правильно 0.000343 1.543142 0.000529
обращаться 0.000343 2.424498 0.000832
страница 0.000685 0.314873 0.000216
момент 0.001028 1.0 0.001028
апенький 0.000343 3.212994 0.001102
добавить 0.000343 2.280108 0.000782
ответственный 0.000685 2.148863 0.001472
понимание 0.000685 1.917538 0.001314
вычет 0.000343 1.718229 0.000589
организовать 0.000343 1.86507 0.000640
ругань 0.000343 3.212994 0.001102
тестировщик 0.000343 3.212994 0.001102
реклама 0.00137 0.332575 0.000456
любить 0.000343 2.350497 0.000806
ильдар 0.000343 3.212994 0.001102
подготавливать 0.000343 3.212994 0.001102
мечтать 0.000343 3.087463 0.001059
неточность 0.000343 0.133267 0.000046
ру 0.000343 0.117836 0.000040
нормально 0.000343 3.212994 0.001102
веб 0.00137 1.148863 0.001574
закрепить 0.000343 2.86507 0.000983
забыть 0.00137 0.133267 0.000183
управление 0.000685 0.10257 0.000070
условие 0.001028 0.028569 0.000029
чистый 0.000343 2.280108 0.000782
бьютя 0.000343 3.212994 0.001102
ца 0.000685 2.350497 0.001610
ваш 0.001713 0.280108 0.000480
анализ 0.001028 1.350497 0.001388
предложить 0.000343 2.86507 0.000983
мобильный 0.000685 1.917538 0.001314
поступать 0.000343 3.087463 0.001059
область 0.000343 2.028569 0.000696
собственность 0.000685 0.133267 0.000091
собственный 0.001028 1.0 0.001028
чертёж 0.000343 2.971986 0.001019
вернуть 0.000343 1.971986 0.000676
пожалеть 0.000685 2.148863 0.001472
отзыв 0.028434 0.164631 0.004681
шник 0.000343 3.212994 0.001102
менять 0.000343 2.5025 0.000858
повышать 0.000343 2.86507 0.000983
скиллбокс 0.00137 2.087463 0.002860
объяснять 0.00137 0.971986 0.001332
стать 0.002055 0.695145 0.001429
сложный 0.00137 0.839535 0.001150
руководство 0.000343 2.028569 0.000696
удобный 0.003426 0.314873 0.001079
покупать 0.000685 2.212994 0.001516
ресурс 0.000343 1.765535 0.000606
нанимать 0.000343 2.971986 0.001019
воспользоваться 0.000343 0.297386 0.000102
обращение 0.000685 2.350497 0.001610
буквально 0.000343 3.212994 0.001102
посоветовать 0.000685 3.212994 0.002201
матвей 0.000343 3.087463 0.001059
забывать 0.000343 2.86507 0.000983
завысить 0.000343 2.212994 0.000759
катарин 0.000685 3.212994 0.002201
управлять 0.000343 2.148863 0.000737
оптимальный 0.000343 2.350497 0.000806
мечта 0.000685 2.672425 0.001831
отрасль 0.00137 2.584963 0.003541
приемлемый 0.000343 1.718229 0.000589
создание 0.000685 1.424498 0.000976
полностью 0.000343 1.087463 0.000373
отвечать 0.001713 0.5025 0.000861
сммщик 0.000343 2.5025 0.000858
переход 0.000343 2.86507 0.000983
карьерный 0.000343 3.672425 0.001260
составлять 0.000343 1.584963 0.000544
новый 0.001713 0.263034 0.000451
разбор 0.00137 1.314873 0.001801
углубиться 0.000343 2.087463 0.000716
лекция 0.001028 0.695145 0.000715
синицин 0.000343 3.212994 0.001102
идея 0.000343 2.148863 0.000737
студийный 0.000343 2.971986 0.001019
поток 0.000343 2.765535 0.000949
насыщенно 0.000343 2.5025 0.000858
пересмотреть 0.000343 1.971986 0.000676
задать 0.000685 0.462972 0.000317
восстановить 0.000343 0.133267 0.000046
говорить 0.000685 1.971986 0.001351
р 0.002055 0.462972 0.000951
появиться 0.001028 2.424498 0.002492
семён 0.000343 3.212994 0.001102
сертификат 0.001028 0.424498 0.000436
рука 0.000343 2.86507 0.000983
карта 0.000685 3.087463 0.002115
дипломный 0.001028 1.628031 0.001674
закреплять 0.000685 2.148863 0.001472
нуль 0.002055 0.86507 0.001778
артём 0.000343 2.087463 0.000716
использовать 0.001028 0.0 0.000000
проведение 0.000343 1.180572 0.000405
пример 0.00137 0.814444 0.001116
продвижение 0.001028 1.212994 0.001247
торговый 0.000343 6.672425 0.002289
детальный 0.000343 2.424498 0.000832
кайф 0.000343 3.212994 0.001102
григораш 0.000343 3.212994 0.001102
ответственно 0.000343 2.350497 0.000806
получаться 0.000343 2.087463 0.000716
отложиться 0.000343 3.212994 0.001102
навык 0.002398 0.86507 0.002074
ведышева 0.000343 3.212994 0.001102
окончание 0.000343 0.86507 0.000297
переходить 0.000343 1.917538 0.000658
свежий 0.000343 2.280108 0.000782
приятно 0.000343 2.350497 0.000806
являться 0.00137 0.028569 0.000039
радовать 0.000343 3.212994 0.001102
грамотный 0.000343 1.246161 0.000427
который 0.006509 0.057715 0.000376
вспомнить 0.000343 3.212994 0.001102
выделять 0.000343 2.86507 0.000983
помощь 0.002398 0.280108 0.000672
согласие 0.000685 0.133267 0.000091
счастие 0.000343 2.584963 0.000887
увидеть 0.000343 2.5025 0.000858
видеть 0.001028 1.814444 0.001865
возникать 0.000685 1.765535 0.001209
настроить 0.000343 1.350497 0.000463
затягивать 0.000343 1.917538 0.000658
учёба 0.001028 1.212994 0.001247
ознакомительный 0.000685 0.133267 0.000091
школьный 0.000685 0.133267 0.000091
мо 0.000343 3.212994 0.001102
кампания 0.000685 2.212994 0.001516
подруга 0.000343 3.087463 0.001059
рассказать 0.000685 0.944505 0.000647
никакой 0.000343 1.718229 0.000589
содержательный 0.000343 2.424498 0.000832
специальный 0.000343 1.628031 0.000558
практически 0.000343 2.280108 0.000782
переделывать 0.000685 3.212994 0.002201
войти 0.002741 0.117836 0.000323
фидбек 0.000343 3.212994 0.001102
претензия 0.000343 2.424498 0.000832
поделиться 0.000343 0.584963 0.000201
микс 0.000343 3.212994 0.001102
выходить 0.000685 2.350497 0.001610
выбрать 0.004111 0.443607 0.001824
образование 0.000685 0.133267 0.000091
группа 0.000343 1.212994 0.000416
досконально 0.000685 3.087463 0.002115
менеджер 0.001028 0.917538 0.000943
касаться 0.000343 2.280108 0.000782
продукт 0.000685 2.971986 0.002036
долгий 0.000343 2.148863 0.000737
портфолио 0.003426 1.148863 0.003936
хотя 0.002055 2.584963 0.005312
точный 0.000685 0.117836 0.000081
место 0.001028 1.765535 0.001815
простой 0.000685 0.789782 0.000541
нормальный 0.000685 2.672425 0.001831
исправление 0.000685 2.971986 0.002036
подробный 0.001713 0.10257 0.000176
ответ 0.002055 0.072512 0.000149
разобраться 0.000343 0.86507 0.000297
дизайнер 0.002741 1.280108 0.003509
темп 0.000343 2.971986 0.001019
взаимодействие 0.001028 2.86507 0.002945
выучить 0.000343 2.028569 0.000696
фио 0.000343 0.814444 0.000279
копирование 0.000685 0.133267 0.000091
максимум 0.000343 1.543142 0.000529
специальность 0.000685 1.584963 0.001086
очно 0.000343 3.212994 0.001102
ментор 0.000343 2.672425 0.000917
торопить 0.000343 2.971986 0.001019
профессия 0.003768 0.584963 0.002204
жизненный 0.000343 2.148863 0.000737
коммерческий 0.000685 2.5025 0.001714
первый 0.002741 0.606336 0.001662
пополнить 0.000343 5.672425 0.001946
деньга 0.00137 1.180572 0.001617
атмосфера 0.000685 2.028569 0.001390
голова 0.000343 1.814444 0.000622
затрата 0.000343 3.087463 0.001059
конфиденциальность 0.000343 0.0 0.000000
ждать 0.000343 2.350497 0.000806
квест 0.000343 2.5025 0.000858
полезный 0.018499 0.522678 0.009669
профессиональный 0.001028 0.117836 0.000121
уходить 0.000685 3.212994 0.002201
сво 0.000343 2.5025 0.000858
планомерно 0.000343 3.212994 0.001102
использование 0.000685 0.0 0.000000
готовый 0.000685 1.462972 0.001002
ориентировать 0.000343 3.087463 0.001059
разрабатывать 0.000685 2.5025 0.001714
трудоустройство 0.000685 1.387023 0.000950
последовательность 0.000343 2.86507 0.000983
добрый 0.000685 2.350497 0.001610
вебинар 0.003083 0.522678 0.001611
желание 0.000343 1.718229 0.000589
макс 0.000343 3.212994 0.001102
прогресс 0.000685 2.5025 0.001714
недочёт 0.00137 2.087463 0.002860
содержание 0.000343 1.087463 0.000373
парсер 0.000343 3.212994 0.001102
получить 0.007537 0.014214 0.000107
связь 0.004454 0.133267 0.000594
интерьер 0.001028 2.028569 0.002085
показывать 0.001028 2.424498 0.002492
разбирать 0.001028 1.424498 0.001464
партн 0.000343 6.672425 0.002289
удалённый 0.000343 1.86507 0.000640
агентство 0.000685 3.087463 0.002115
высокий 0.001028 1.212994 0.001247
основное 0.001028 1.718229 0.001766
поддержка 0.00137 0.86507 0.001185
многое 0.000343 1.628031 0.000558
польза 0.000685 1.814444 0.001243
продумывать 0.000343 4.672425 0.001603
любой 0.000685 0.148863 0.000102
разобрать 0.000343 1.543142 0.000529
решение 0.000343 1.543142 0.000529
лишь 0.000343 2.424498 0.000832
скучный 0.000343 1.814444 0.000622
учитель 0.000343 1.314873 0.000451
крупный 0.000343 1.814444 0.000622
компетентный 0.000343 1.814444 0.000622
знание 0.004454 0.117836 0.000525
идти 0.002055 1.212994 0.002493
практика 0.006509 0.314873 0.002050
скидка 0.00137 0.584963 0.000801
официальный 0.000685 0.133267 0.000091
сравнивать 0.000343 2.424498 0.000832
саморазвитие 0.000343 0.133267 0.000046
таки 0.000343 2.148863 0.000737
реб 0.000343 3.212994 0.001102
презентовать 0.000343 3.350497 0.001149
ценный 0.000685 1.117836 0.000766
достаточно 0.000343 1.462972 0.000502
успокаивать 0.000343 3.212994 0.001102
прийтись 0.000343 1.0 0.000343
информативный 0.001028 2.028569 0.002085
пользовательский 0.000343 0.117836 0.000040
реальный 0.004111 0.246161 0.001012
бесплатно 0.000685 0.482601 0.000331
качественно 0.000343 2.584963 0.000887
идрисович 0.000343 3.212994 0.001102
чащенко 0.000343 3.212994 0.001102
ребёнок 0.000343 0.117836 0.000040
общение 0.000685 1.350497 0.000925
немаленький 0.000343 3.212994 0.001102
язык 0.00137 0.043069 0.000059
дикция 0.000343 3.087463 0.001059
ниже 0.000343 0.944505 0.000324
оценка 0.000685 0.117836 0.000081
сайентист 0.000343 3.212994 0.001102
политика 0.000343 0.0 0.000000
п 0.001028 2.672425 0.002747
отрицательный 0.000343 2.280108 0.000782
ведущий 0.000343 1.917538 0.000658
настолько 0.000343 2.971986 0.001019
представитель 0.000685 0.543142 0.000372
вс 0.000343 2.028569 0.000696
пр 0.001713 1.5025 0.002574
сумма 0.000343 2.280108 0.000782
помогать 0.003426 1.087463 0.003726
носить 0.000685 0.133267 0.000091
защита 0.000343 1.246161 0.000427
рассчитать 0.000685 1.424498 0.000976
повышение 0.000343 1.387023 0.000476
владелец 0.000343 2.672425 0.000917
марк 0.000343 3.212994 0.001102
вести 0.000685 0.718229 0.000492
дз 0.001028 2.424498 0.002492
профессионализм 0.000343 2.280108 0.000782
форма 0.000343 1.424498 0.000489
системный 0.001028 2.5025 0.002573
собственно 0.000343 3.212994 0.001102
текст 0.001028 0.072512 0.000075
подтверждение 0.000343 0.133267 0.000046
удивиться 0.000343 3.212994 0.001102
лишний 0.001028 1.212994 0.001247
опытный 0.001028 1.0 0.001028
сравнить 0.000343 0.133267 0.000046
дозировать 0.000343 2.5025 0.000858
сокурсник 0.000685 2.424498 0.001661
блогер 0.000343 2.584963 0.000887
нравиться 0.000343 2.584963 0.000887
процент 0.000343 2.350497 0.000806
андрей 0.000343 2.86507 0.000983
разумный 0.000343 3.212994 0.001102
некоторый 0.001028 1.180572 0.001214
направление 0.00137 0.280108 0.000384
зрение 0.000343 2.765535 0.000949
рассрочка 0.003083 0.917538 0.002829
научиться 0.00137 0.584963 0.000801
заполнить 0.000343 4.350497 0.001492
поискать 0.000685 0.314873 0.000216
основной 0.001028 1.028569 0.001057
роль 0.000343 2.765535 0.000949
теория 0.003426 0.5025 0.001722
всецело 0.000343 3.212994 0.001102
пока 0.00137 0.563901 0.000773
поработать 0.000343 2.765535 0.000949
возвращаться 0.000343 3.087463 0.001059
принять 0.000685 2.86507 0.001963
закрепление 0.00137 2.087463 0.002860
режим 0.000343 2.028569 0.000696
заказ 0.000685 2.765535 0.001894
давно 0.000343 1.117836 0.000383
причём 0.000343 2.86507 0.000983
галочка 0.000343 3.212994 0.001102
переживать 0.000343 3.087463 0.001059
доступный 0.001028 0.891066 0.000916
гуглить 0.000343 2.350497 0.000806
привязка 0.000343 3.212994 0.001102
выполнять 0.000343 1.462972 0.000502
выпытывать 0.000343 3.212994 0.001102
заниматься 0.002741 0.839535 0.002301
интенсив 0.000685 1.971986 0.001351
интересно 0.000343 1.087463 0.000373
навсегда 0.000685 1.314873 0.000901
случайно 0.000343 3.212994 0.001102
решить 0.003426 0.839535 0.002876
терпеливо 0.000685 3.212994 0.002201
удовольствие 0.000343 1.314873 0.000451
детство 0.000343 3.212994 0.001102
спикер 0.000685 1.5025 0.001029
тип 0.000685 0.741688 0.000508
лидер 0.000685 2.971986 0.002036
необычный 0.000343 3.087463 0.001059
доступно 0.002398 1.028569 0.002467
георгиев 0.000343 3.212994 0.001102
применить 0.000343 2.350497 0.000806
красота 0.000343 1.917538 0.000658
помочь 0.000343 0.765535 0.000263
выход 0.000343 3.087463 0.001059
изучать 0.000685 1.087463 0.000745
открывать 0.000343 3.087463 0.001059
общий 0.000685 0.212994 0.000146
индивидуальный 0.000685 1.117836 0.000766
узнать 0.000685 0.443607 0.000304
твёрдый 0.000343 3.212994 0.001102
требоваться 0.000343 2.087463 0.000716
мария 0.000685 1.814444 0.001243
белов 0.000343 3.087463 0.001059
весь 0.003768 0.0 0.000000
бросать 0.000343 2.424498 0.000832
магазин 0.000685 2.765535 0.001894
обмениваться 0.000343 3.212994 0.001102
з 0.002741 1.387023 0.003802
бюджет 0.000685 2.584963 0.001771
ссылка 0.00137 0.087463 0.000120
разработать 0.000343 1.971986 0.000676
найти 0.003426 0.765535 0.002623
потрудиться 0.000343 3.212994 0.001102
предложение 0.000343 1.971986 0.000676
функция 0.000343 1.584963 0.000544
подтвердить 0.000343 2.280108 0.000782
длительность 0.000343 0.297386 0.000102
устаревший 0.000685 1.86507 0.001278
самый 0.001028 0.584963 0.000601
ответить 0.002741 1.314873 0.003604
дело 0.001028 0.917538 0.000943
смочь 0.000685 0.628031 0.000430
плюс 0.011648 0.765535 0.008917
проходить 0.003083 0.368645 0.001137
сложность 0.000685 1.350497 0.000925
учиться 0.002398 0.482601 0.001157
ютуба 0.000685 1.917538 0.001314
хотеться 0.000685 1.057715 0.000725
выходной 0.000343 1.917538 0.000658
поднапрячься 0.000343 3.212994 0.001102
качественный 0.00137 1.057715 0.001449
чёткий 0.000685 1.86507 0.001278
евгений 0.001028 1.543142 0.001586
записать 0.000685 2.087463 0.001430
однозначно 0.000343 2.148863 0.000737
отсутствие 0.000343 2.971986 0.001019
окупиться 0.000343 2.5025 0.000858
раздел 0.000343 0.10257 0.000035
денис 0.000343 3.212994 0.001102
вложение 0.000343 3.087463 0.001059
дальнейший 0.000343 1.543142 0.000529
указывать 0.000343 2.212994 0.000759
актуальный 0.000685 1.718229 0.001177
синтаксис 0.000343 2.584963 0.000887
ещё 0.003083 0.028569 0.000088
отрыв 0.000343 3.212994 0.001102
экскурсия 0.000343 5.087463 0.001745
отличный 0.001028 1.057715 0.001087
принцип 0.000685 1.462972 0.001002
рост 0.000343 2.584963 0.000887
поваркова 0.000343 3.212994 0.001102
именно 0.000685 2.028569 0.001390
итог 0.001028 1.462972 0.001504
упираться 0.000343 3.212994 0.001102
опыт 0.003426 0.180572 0.000619
специализировать 0.000343 2.424498 0.000832
продолжить 0.000343 2.86507 0.000983
зарегистрироваться 0.00137 0.133267 0.000183
рекламный 0.001028 2.028569 0.002085
каталог 0.000685 0.133267 0.000091
наладить 0.000343 3.087463 0.001059
лобозвать 0.000343 3.212994 0.001102
никак 0.000343 2.5025 0.000858
речь 0.000343 2.028569 0.000696
приложение 0.001028 2.087463 0.002146
должность 0.000343 2.584963 0.000887
показаться 0.001028 2.148863 0.002209
включая 0.000685 0.087463 0.000060
выйти 0.000685 2.86507 0.001963
норма 0.000343 3.087463 0.001059
научить 0.000685 2.212994 0.001516
тим 0.000343 3.212994 0.001102
знакомый 0.000343 2.087463 0.000716
продажа 0.000685 1.718229 0.001177
оплачивать 0.000685 2.5025 0.001714
наушник 0.000343 3.212994 0.001102
подойти 0.000343 0.443607 0.000152
пробел 0.000343 3.087463 0.001059
клёвый 0.000343 3.212994 0.001102
тд 0.000343 3.212994 0.001102
технический 0.000685 1.765535 0.001209
проблема 0.001028 0.789782 0.000812
подход 0.00137 1.0 0.001370
очный 0.000343 2.424498 0.000832
эксперт 0.000343 0.718229 0.000246
наслать 0.000343 0.164631 0.000056
рекламодатель 0.000343 0.350497 0.000120
автор 0.000685 0.133267 0.000091
опция 0.000343 2.584963 0.000887
важный 0.000343 1.462972 0.000502
разжёвывать 0.000685 2.86507 0.001963
больший 0.000343 0.695145 0.000238
интенсивный 0.000343 2.424498 0.000832
становиться 0.000343 2.212994 0.000759
инф 0.000685 2.350497 0.001610
пойти 0.000685 1.314873 0.000901
оптимизировать 0.000343 2.971986 0.001019
мебель 0.000343 3.212994 0.001102
грамотно 0.000343 1.462972 0.000502
элемент 0.001028 0.0 0.000000
контекстный 0.000343 2.672425 0.000917
доходчиво 0.000343 2.148863 0.000737
элементарно 0.000343 3.212994 0.001102
общаться 0.001028 1.462972 0.001504
характер 0.000685 0.133267 0.000091
результат 0.002055 0.606336 0.001246
пожалуйста 0.000343 3.087463 0.001059
выше 0.000343 2.280108 0.000782
хотеть 0.001713 0.672425 0.001152
консультация 0.000685 2.087463 0.001430
бесплатный 0.000685 0.606336 0.000415
нудный 0.000343 2.087463 0.000716
дедлайн 0.000343 2.280108 0.000782
мес 0.00137 1.087463 0.001490
обзор 0.000343 2.86507 0.000983
иной 0.000343 2.148863 0.000737
цп 0.000343 3.212994 0.001102
сорваться 0.000343 3.212994 0.001102
построить 0.000343 1.387023 0.000476
впечатляющий 0.000343 6.672425 0.002289
разработка 0.002055 1.462972 0.003006
бухучёт 0.000343 2.584963 0.000887
таргетинг 0.000685 2.212994 0.001516
материал 0.002398 0.164631 0.000395
скорость 0.000343 2.148863 0.000737
оставлять 0.000685 0.584963 0.000401
возникнуть 0.000343 1.246161 0.000427
конкурент 0.000343 2.087463 0.000716
екатерина 0.000685 2.212994 0.001516
универ 0.000343 2.5025 0.000858
тяжело 0.000685 2.584963 0.001771
зарегистрировать 0.00137 0.117836 0.000161
достигнутый 0.000343 3.087463 0.001059
рынок 0.000685 2.148863 0.001472
разработчик 0.002741 1.814444 0.004973
щедро 0.000343 3.212994 0.001102
интуитивно 0.000343 4.087463 0.001402
непонятный 0.000343 1.424498 0.000489
беспроцентный 0.000685 2.971986 0.002036
интерактивный 0.000685 1.672425 0.001146
демонстрация 0.000343 3.087463 0.001059
предлагать 0.000343 2.280108 0.000782
часть 0.00137 1.387023 0.001900
дочь 0.000685 3.212994 0.002201
блок 0.000343 1.628031 0.000558
мощный 0.000343 2.86507 0.000983
пройти 0.005139 0.133267 0.000685
