термин tf idf tf-idf
сперва 0.001724 5.672425 0.009779
особенно 0.001724 1.462972 0.002522
большой 0.00431 0.584963 0.002521
обработка 0.001724 1.584963 0.002732
хороший 0.000862 0.057715 0.000050
второй 0.000862 2.86507 0.002470
объём 0.000862 1.917538 0.001653
сложить 0.000862 6.672425 0.005752
друг 0.001724 1.350497 0.002328
счёт 0.000862 4.087463 0.003523
почта 0.000862 2.212994 0.001908
формальный 0.000862 6.672425 0.005752
практический 0.001724 0.350497 0.000604
нужно 0.006897 0.263034 0.001814
компилироваться 0.000862 6.672425 0.005752
многие 0.000862 2.148863 0.001852
искать 0.001724 1.0 0.001724
конец 0.000862 1.543142 0.001330
затем 0.002586 3.672425 0.009497
пытаться 0.000862 2.148863 0.001852
ориентир 0.000862 6.672425 0.005752
модуль 0.003448 1.424498 0.004912
процесс 0.006897 0.563901 0.003889
сгруппировать 0.001724 5.672425 0.009779
соответствовать 0.001724 1.350497 0.002328
цветной 0.000862 5.672425 0.004890
ключ 0.003448 4.350497 0.015001
простота 0.000862 6.672425 0.005752
логика 0.000862 4.087463 0.003523
вычислить 0.000862 6.672425 0.005752
блог 0.002586 0.0 0.000000
выполнение 0.000862 1.0 0.000862
отдельный 0.002586 1.718229 0.004443
переменный 0.002586 4.350497 0.011250
гибкий 0.002586 2.424498 0.006270
явно 0.001724 6.672425 0.011503
мочь 0.00431 0.0 0.000000
делать 0.000862 0.741688 0.000639
способ 0.005172 2.350497 0.012157
экран 0.000862 4.087463 0.003523
группировка 0.011207 6.672425 0.074778
учебный 0.000862 0.0 0.000000
потребоваться 0.000862 3.86507 0.003332
производительный 0.000862 6.672425 0.005752
диапазон 0.000862 5.087463 0.004385
конкретный 0.002586 2.280108 0.005896
продвинуть 0.001724 1.86507 0.003215
правильный 0.000862 1.718229 0.001481
давать 0.001724 0.891066 0.001536
сохранять 0.000862 6.672425 0.005752
основа 0.00431 0.741688 0.003197
следующий 0.003448 1.387023 0.004782
каждый 0.006034 0.133267 0.000804
нужный 0.000862 0.814444 0.000702
рассмотреть 0.000862 4.350497 0.003750
конкатенировать 0.000862 6.672425 0.005752
передаваемый 0.000862 6.672425 0.005752
имя 0.002586 0.014214 0.000037
привычный 0.000862 5.087463 0.004385
перечислить 0.000862 5.087463 0.004385
малый 0.000862 5.087463 0.004385
качество 0.00431 1.212994 0.005228
присваивание 0.000862 6.672425 0.005752
вне 0.000862 5.672425 0.004890
случай 0.006897 1.971986 0.013601
возможность 0.001724 0.765535 0.001320
бизнес 0.000862 0.117836 0.000102
выделить 0.000862 3.350497 0.002888
сделать 0.002586 0.672425 0.001739
произойти 0.000862 5.087463 0.004385
должный 0.001724 1.765535 0.003044
латинский 0.000862 5.672425 0.004890
выполнить 0.001724 1.672425 0.002883
двухмерный 0.000862 6.672425 0.005752
основать 0.000862 4.350497 0.003750
очередь 0.000862 4.350497 0.003750
начинаться 0.000862 2.971986 0.002562
доступ 0.000862 0.424498 0.000366
сложение 0.000862 6.672425 0.005752
разделение 0.008621 5.672425 0.048902
вещь 0.000862 2.087463 0.001799
гибкость 0.001724 5.672425 0.009779
желаемый 0.000862 6.672425 0.005752
проект 0.000862 0.0 0.000000
статья 0.000862 1.117836 0.000964
целое 0.001724 1.212994 0.002091
подготовка 0.000862 1.148863 0.000990
начало 0.001724 1.246161 0.002148
видно 0.001724 2.86507 0.004939
генерация 0.000862 4.087463 0.003523
манипуляция 0.002586 6.672425 0.017255
сообщение 0.000862 3.86507 0.003332
урок 0.003448 0.297386 0.001025
поэтому 0.000862 0.650058 0.000560
понять 0.000862 1.028569 0.000887
всё 0.005172 0.014214 0.000074
например 0.006034 1.148863 0.006932
понятно 0.000862 1.672425 0.001442
содержать 0.001724 0.180572 0.000311
обратный 0.000862 0.072512 0.000063
цепочка 0.002586 6.672425 0.017255
иерархия 0.001724 6.672425 0.011503
повторяться 0.000862 5.087463 0.004385
удаление 0.001724 4.672425 0.008055
успех 0.000862 2.672425 0.002304
очень 0.001724 1.387023 0.002391
благодаря 0.001724 1.814444 0.003128
преобразовывать 0.000862 6.672425 0.005752
насколько 0.000862 5.087463 0.004385
помимо 0.000862 4.087463 0.003523
аргумент 0.005172 4.672425 0.024166
критерий 0.001724 2.672425 0.004607
индекс 0.003448 4.087463 0.014094
метка 0.000862 5.087463 0.004385
год 0.000862 0.387023 0.000334
максим 0.000862 1.814444 0.001564
разбить 0.001724 4.672425 0.008055
опубликовать 0.000862 0.628031 0.000541
время 0.000862 0.014214 0.000012
иллюстрировать 0.000862 6.672425 0.005752
обратиться 0.000862 2.672425 0.002304
работа 0.005172 0.10257 0.000530
выступать 0.001724 5.087463 0.008771
агрегация 0.014655 5.087463 0.074557
итерация 0.002586 6.672425 0.017255
передача 0.000862 5.672425 0.004890
принимать 0.000862 0.628031 0.000541
прямо 0.000862 5.672425 0.004890
этап 0.006897 2.148863 0.014821
это 0.016379 0.014214 0.000233
иметься 0.001724 4.350497 0.007500
знать 0.000862 0.672425 0.000580
вызвать 0.001724 3.672425 0.006331
просто 0.001724 0.718229 0.001238
присваивать 0.000862 5.087463 0.004385
данные 0.019828 1.212994 0.024051
числовой 0.000862 4.672425 0.004028
ошибка 0.000862 0.072512 0.000063
расчёт 0.000862 3.672425 0.003166
регулярный 0.008621 3.212994 0.027699
принадлежать 0.000862 5.672425 0.004890
встроить 0.003448 3.86507 0.013327
добавлять 0.000862 2.5025 0.002157
средний 0.000862 4.087463 0.003523
массив 0.003448 4.350497 0.015001
далёкий 0.001724 3.087463 0.005323
оставаться 0.000862 1.0 0.000862
вызываться 0.000862 5.672425 0.004890
квантиль 0.000862 5.672425 0.004890
реализовать 0.001724 3.86507 0.006663
специально 0.000862 5.087463 0.004385
задача 0.001724 1.057715 0.001824
импортировать 0.000862 3.86507 0.003332
последний 0.002586 1.5025 0.003885
александр 0.000862 1.314873 0.001133
слово 0.001724 1.387023 0.002391
аналогичный 0.000862 3.350497 0.002888
написание 0.000862 2.971986 0.002562
сайт 0.000862 0.0 0.000000
несколько 0.006897 0.606336 0.004182
выбор 0.000862 1.087463 0.000937
работать 0.00431 0.133267 0.000574
свой 0.000862 0.043069 0.000037
тег 0.000862 3.672425 0.003166
внутренний 0.000862 2.424498 0.002090
вместе 0.000862 3.5025 0.003019
колонка 0.015517 5.087463 0.078942
анонимный 0.000862 3.5025 0.003019
информация 0.000862 0.057715 0.000050
цвет 0.000862 2.350497 0.002026
удобно 0.000862 0.971986 0.000838
лямбда 0.000862 3.5025 0.003019
комбинация 0.000862 5.672425 0.004890
объявление 0.000862 4.350497 0.003750
база 0.002586 1.280108 0.003310
разный 0.005172 0.584963 0.003025
полный 0.001724 1.424498 0.002456
контроль 0.000862 2.765535 0.002384
состоять 0.000862 1.718229 0.001481
конвертировать 0.000862 6.672425 0.005752
однако 0.002586 2.424498 0.006270
структура 0.001724 2.148863 0.003705
объединение 0.000862 4.350497 0.003750
собирать 0.000862 3.86507 0.003332
значение 0.014655 3.5025 0.051329
разделитель 0.001724 6.672425 0.011503
создать 0.003448 1.246161 0.004297
собрать 0.000862 0.944505 0.000814
запись 0.001724 0.606336 0.001045
дополнительный 0.000862 1.212994 0.001046
одинаковый 0.000862 4.672425 0.004028
подстрока 0.008621 6.672425 0.057523
необходимый 0.001724 2.672425 0.004607
префикс 0.001724 5.672425 0.009779
тема 0.000862 0.148863 0.000128
выразить 0.000862 5.672425 0.004890
категория 0.000862 1.971986 0.001700
соответствие 0.000862 3.672425 0.003166
регистр 0.001724 4.672425 0.008055
программа 0.000862 0.0 0.000000
вид 0.000862 1.5025 0.001295
исходный 0.000862 5.672425 0.004890
последовательный 0.000862 3.087463 0.002661
довольно 0.000862 3.672425 0.003166
дать 0.003448 0.971986 0.003351
подробно 0.000862 0.917538 0.000791
поиск 0.006034 0.10257 0.000619
написать 0.000862 0.462972 0.000399
инструмент 0.000862 0.789782 0.000681
ранее 0.000862 5.672425 0.004890
большинство 0.000862 2.971986 0.002562
совпадать 0.001724 5.672425 0.009779
стоить 0.001724 0.789782 0.001362
название 0.002586 3.672425 0.009497
вывод 0.002586 3.212994 0.008309
стоимость 0.000862 0.695145 0.000599
прошлый 0.002586 5.087463 0.013156
определённый 0.000862 2.971986 0.002562
система 0.001724 2.148863 0.003705
хостинг 0.000862 3.212994 0.002770
корень 0.000862 3.5025 0.003019
датасет 0.000862 5.087463 0.004385
верхний 0.000862 5.087463 0.004385
знак 0.000862 2.86507 0.002470
сэкономить 0.000862 3.087463 0.002661
уровень 0.000862 0.741688 0.000639
применение 0.006034 3.86507 0.023322
метод 0.006034 2.212994 0.013353
разделять 0.001724 5.087463 0.008771
набор 0.00431 2.584963 0.011141
повторно 0.000862 5.672425 0.004890
использоваться 0.00431 2.765535 0.011919
понимание 0.000862 1.917538 0.001653
пробельный 0.000862 5.672425 0.004890
включать 0.001724 1.148863 0.001981
преобразование 0.005172 4.672425 0.024166
связать 0.001724 1.86507 0.003215
зависимость 0.001724 3.86507 0.006663
отслеживать 0.001724 3.350497 0.005776
возвращать 0.00431 3.86507 0.016658
условие 0.002586 0.028569 0.000074
фаза 0.002586 6.672425 0.017255
анализ 0.000862 1.350497 0.001164
нахождение 0.000862 3.350497 0.002888
желательно 0.000862 6.672425 0.005752
разделяться 0.000862 5.672425 0.004890
собственный 0.000862 1.0 0.000862
вернуть 0.001724 1.971986 0.003400
паттерн 0.005172 6.672425 0.034510
стать 0.002586 0.695145 0.001798
сложный 0.003448 0.839535 0.002895
объяснять 0.000862 0.971986 0.000838
руководство 0.001724 2.028569 0.003497
также 0.006034 0.789782 0.004766
позволять 0.002586 3.212994 0.008309
источник 0.000862 3.350497 0.002888
редактор 0.000862 1.0 0.000862
популярный 0.000862 2.350497 0.002026
создание 0.000862 1.424498 0.001228
полностью 0.000862 1.087463 0.000937
отвечать 0.001724 0.5025 0.000866
разбитие 0.000862 6.672425 0.005752
выражение 0.009483 3.86507 0.036652
новый 0.003448 0.263034 0.000907
кубический 0.000862 3.5025 0.003019
среднее 0.000862 3.86507 0.003332
добиться 0.000862 4.672425 0.004028
задать 0.000862 0.462972 0.000399
контакт 0.001724 2.212994 0.003815
точнее 0.000862 6.672425 0.005752
ч 0.003448 4.672425 0.016111
использовать 0.009483 0.0 0.000000
пример 0.010345 0.814444 0.008425
образ 0.003448 2.148863 0.007409
равно 0.000862 3.86507 0.003332
иллюстрация 0.000862 4.087463 0.003523
получаться 0.000862 2.087463 0.001799
называться 0.000862 5.672425 0.004890
окончание 0.000862 0.86507 0.000746
происходить 0.000862 3.86507 0.003332
заменить 0.000862 4.087463 0.003523
являться 0.00431 0.028569 0.000123
целый 0.000862 3.212994 0.002770
который 0.017241 0.057715 0.000995
схема 0.002586 2.350497 0.006078
помощь 0.010345 0.280108 0.002898
применяться 0.001724 4.087463 0.007047
чтение 0.001724 2.765535 0.004768
увидеть 0.000862 2.5025 0.002157
видеть 0.001724 1.814444 0.003128
русский 0.000862 3.087463 0.002661
никакой 0.000862 1.718229 0.001481
строка 0.019828 3.86507 0.076637
установка 0.000862 4.087463 0.003523
документация 0.000862 2.028569 0.001749
категоризация 0.001724 6.672425 0.011503
замена 0.002586 3.86507 0.009995
выбрать 0.001724 0.443607 0.000765
группа 0.013793 1.212994 0.016731
комбинировать 0.000862 5.672425 0.004890
добавляться 0.000862 4.672425 0.004028
поддерживать 0.000862 2.424498 0.002090
совпадение 0.003448 4.672425 0.016111
хотя 0.000862 2.584963 0.002228
простой 0.000862 0.789782 0.000681
правообладатель 0.000862 3.5025 0.003019
подробный 0.000862 0.10257 0.000088
разобраться 0.000862 0.86507 0.000746
предоставлять 0.002586 3.5025 0.009057
пустой 0.001724 5.672425 0.009779
корректно 0.000862 3.672425 0.003166
необходимо 0.000862 3.087463 0.002661
первый 0.005172 0.606336 0.003136
введение 0.000862 3.86507 0.003332
конфиденциальность 0.000862 0.0 0.000000
индексирование 0.000862 5.087463 0.004385
трансформация 0.003448 4.672425 0.016111
полезный 0.001724 0.522678 0.000901
иерархический 0.001724 5.087463 0.008771
использование 0.001724 0.0 0.000000
готовый 0.000862 1.462972 0.001261
последовательность 0.001724 2.86507 0.004939
двигаться 0.000862 4.087463 0.003523
ограничить 0.000862 3.5025 0.003019
вместо 0.001724 3.212994 0.005539
одновременно 0.000862 5.672425 0.004890
передать 0.002586 2.584963 0.006685
указать 0.000862 2.584963 0.002228
содержание 0.000862 1.087463 0.000937
получить 0.005172 0.014214 0.000074
показывать 0.000862 2.424498 0.002090
скомпилировать 0.000862 5.672425 0.004890
сработать 0.000862 6.672425 0.005752
ввести 0.000862 3.212994 0.002770
возможный 0.000862 4.350497 0.003750
кортеж 0.000862 5.672425 0.004890
обозначить 0.000862 6.672425 0.005752
упоминать 0.000862 5.672425 0.004890
любой 0.000862 0.148863 0.000128
разобрать 0.001724 1.543142 0.002660
список 0.003448 2.280108 0.007862
вовсе 0.000862 6.672425 0.005752
делитель 0.000862 3.5025 0.003019
лишь 0.002586 2.424498 0.006270
знание 0.001724 0.117836 0.000203
подробность 0.000862 6.672425 0.005752
механизм 0.002586 6.672425 0.017255
сериализация 0.000862 4.672425 0.004028
мера 0.000862 4.672425 0.004028
комбинирование 0.003448 6.672425 0.023007
обнаружение 0.000862 5.087463 0.004385
библиотека 0.006897 2.86507 0.019760
скалярный 0.000862 6.672425 0.005752
характерный 0.000862 6.672425 0.005752
символ 0.006897 4.350497 0.030005
реальный 0.000862 0.246161 0.000212
текстовый 0.002586 3.350497 0.008664
поведение 0.000862 5.672425 0.004890
разбиение 0.000862 6.672425 0.005752
язык 0.00431 0.043069 0.000186
вызывать 0.000862 4.350497 0.003750
политика 0.000862 0.0 0.000000
помогать 0.000862 1.087463 0.000937
оператор 0.000862 4.672425 0.004028
текст 0.007759 0.072512 0.000563
искомый 0.000862 6.672425 0.005752
вызов 0.000862 3.672425 0.003166
ключевой 0.002586 4.087463 0.010570
оригинальный 0.000862 5.087463 0.004385
некоторый 0.000862 1.180572 0.001018
основной 0.000862 1.028569 0.000887
пока 0.000862 0.563901 0.000486
ядро 0.000862 5.672425 0.004890
доступный 0.001724 0.891066 0.001536
генерироваться 0.000862 5.672425 0.004890
выполнять 0.006897 1.462972 0.010090
добавление 0.000862 3.672425 0.003166
множество 0.001724 2.86507 0.004939
решить 0.000862 0.839535 0.000724
оказываться 0.000862 2.672425 0.002304
тип 0.000862 0.741688 0.000639
пространство 0.000862 3.86507 0.003332
применить 0.00431 2.350497 0.010131
требоваться 0.001724 2.087463 0.003599
весь 0.003448 0.0 0.000000
найти 0.002586 0.765535 0.001980
функция 0.037931 1.584963 0.060119
самый 0.001724 0.584963 0.001008
дело 0.000862 0.917538 0.000791
смочь 0.000862 0.628031 0.000541
жаргон 0.000862 6.672425 0.005752
атрибут 0.000862 5.087463 0.004385
раздел 0.002586 0.10257 0.000265
начинающий 0.002586 0.650058 0.001681
получение 0.001724 1.86507 0.003215
предположим 0.001724 4.672425 0.008055
ещё 0.002586 0.028569 0.000074
главный 0.000862 0.650058 0.000560
принцип 0.000862 1.462972 0.001261
применять 0.001724 1.424498 0.002456
объект 0.015517 2.765535 0.042913
специализировать 0.000862 2.424498 0.002090
разница 0.000862 4.672425 0.004028
речь 0.000862 2.028569 0.001749
включая 0.001724 0.087463 0.000151
реляционный 0.000862 6.672425 0.005752
распространять 0.000862 3.350497 0.002888
операция 0.013793 4.350497 0.060006
пусть 0.000862 6.672425 0.005752
генерировать 0.000862 4.087463 0.003523
знакомый 0.000862 2.087463 0.001799
поделить 0.000862 6.672425 0.005752
пробел 0.000862 3.087463 0.002661
раздельный 0.000862 5.672425 0.004890
проблема 0.000862 0.789782 0.000681
подход 0.000862 1.0 0.000862
шаг 0.001724 2.765535 0.004768
важный 0.000862 1.462972 0.001261
больший 0.000862 0.695145 0.000599
цикл 0.000862 4.350497 0.003750
становиться 0.000862 2.212994 0.001908
часто 0.00431 2.584963 0.011141
определять 0.000862 3.087463 0.002661
пойти 0.000862 1.314873 0.001133
элемент 0.001724 0.0 0.000000
вычисление 0.007759 5.672425 0.044012
результат 0.009483 0.606336 0.005750
признак 0.000862 4.672425 0.004028
запятая 0.000862 6.672425 0.005752
посчитать 0.001724 4.350497 0.007500
встречаться 0.001724 5.087463 0.008771
материал 0.000862 0.164631 0.000142
нести 0.000862 5.087463 0.004385
оба 0.001724 5.087463 0.008771
число 0.001724 2.672425 0.004607
обрезать 0.000862 6.672425 0.005752
часть 0.006897 1.387023 0.009566
извлечь 0.000862 3.5025 0.003019
образовательный 0.000862 1.814444 0.001564
важно 0.002586 3.087463 0.007984
