термин tf idf tf-idf
встречать 0.000344 3.087463 0.001062
джуниор 0.000687 2.424498 0.001666
пошаговый 0.000687 2.212994 0.001520
час 0.001031 1.765535 0.001820
впечатление 0.000687 1.148863 0.000789
заведение 0.000687 0.133267 0.000092
свежеть 0.000344 3.212994 0.001105
гость 0.000344 0.133267 0.000046
особенно 0.000344 1.462972 0.000503
большой 0.002405 0.584963 0.001407
обработка 0.000687 1.584963 0.001089
хороший 0.003436 0.057715 0.000198
месяц 0.002062 0.368645 0.000760
интеллектуальный 0.000687 0.117836 0.000081
поздно 0.000344 3.087463 0.001062
трёхлетний 0.000344 3.212994 0.001105
объём 0.001031 1.917538 0.001977
свободный 0.000687 1.628031 0.001118
друг 0.001031 1.350497 0.001392
выпуск 0.000344 2.971986 0.001022
одобрить 0.000344 0.86507 0.000298
довольный 0.001031 1.350497 0.001392
выдавать 0.000344 1.765535 0.000607
практический 0.003093 0.350497 0.001084
объяснить 0.000344 1.971986 0.000678
кроме 0.000344 2.5025 0.000861
вырастать 0.000344 3.212994 0.001105
нужно 0.000687 0.263034 0.000181
бонус 0.000344 2.5025 0.000861
агрегатор 0.000344 0.133267 0.000046
понятный 0.001031 1.628031 0.001678
многие 0.000687 2.148863 0.001476
искать 0.001031 1.0 0.001031
описание 0.001031 0.971986 0.001002
звук 0.001031 1.917538 0.001977
небольшой 0.001718 1.86507 0.003204
конец 0.001718 1.543142 0.002651
хобби 0.000344 2.148863 0.000739
проверяться 0.000344 0.814444 0.000280
подходящий 0.000344 0.280108 0.000096
допускать 0.000344 3.087463 0.001062
честно 0.000344 3.212994 0.001105
существенно 0.000344 2.584963 0.000889
процесс 0.002749 0.563901 0.001550
модуль 0.000344 1.424498 0.000490
поставщик 0.000344 3.087463 0.001062
волосова 0.000344 3.212994 0.001105
подождать 0.000344 3.087463 0.001062
выдаваться 0.000344 1.087463 0.000374
заказчик 0.001375 2.280108 0.003135
надеяться 0.000344 2.86507 0.000986
скиллов 0.000344 3.212994 0.001105
соответствовать 0.000687 1.350497 0.000928
переслушивать 0.000344 3.212994 0.001105
графический 0.000344 1.672425 0.000575
новичок 0.001718 0.443607 0.000762
продвигать 0.000344 2.765535 0.000951
интернет 0.002405 0.917538 0.002207
оплата 0.000344 1.86507 0.000642
блог 0.001031 0.0 0.000000
выполнение 0.000687 1.0 0.000687
отдельный 0.000687 1.718229 0.001180
дорого 0.000344 2.212994 0.000761
инструкция 0.000344 3.672425 0.001263
количество 0.000344 1.628031 0.000560
неоднозначный 0.000344 3.212994 0.001105
обучать 0.000687 0.117836 0.000081
диплом 0.001375 0.789782 0.001086
сергей 0.001031 2.212994 0.002282
предмет 0.000344 1.5025 0.000517
долгожданный 0.000344 3.212994 0.001105
порог 0.000344 3.212994 0.001105
соглашение 0.000344 0.133267 0.000046
онлайн 0.006873 0.117836 0.000810
организовывать 0.000344 2.672425 0.000919
делать 0.001375 0.741688 0.001020
мочь 0.003436 0.0 0.000000
стратегия 0.001031 1.584963 0.001634
страшно 0.000344 3.212994 0.001105
прийти 0.000687 1.672425 0.001149
вакансия 0.000687 2.028569 0.001394
учебный 0.001718 0.0 0.000000
центр 0.000344 1.280108 0.000440
заявка 0.000344 2.280108 0.000784
рефлексия 0.001031 6.672425 0.006879
фамилия 0.000344 0.133267 0.000046
личный 0.001031 0.297386 0.000307
приходиться 0.001718 2.148863 0.003692
конкретный 0.000344 2.280108 0.000784
проводить 0.000687 1.628031 0.001118
студент 0.00378 1.0 0.003780
график 0.000687 1.148863 0.000789
приятный 0.000687 1.5025 0.001032
кирилл 0.001031 2.350497 0.002423
правильный 0.000344 1.718229 0.000591
закрепляться 0.000344 1.814444 0.000624
видеоурок 0.001375 0.839535 0.001154
давать 0.003436 0.891066 0.003062
долго 0.001031 1.917538 0.001977
заставлять 0.000344 2.087463 0.000718
сравнение 0.000344 1.028569 0.000354
следующий 0.000687 1.387023 0.000953
каждый 0.001718 0.133267 0.000229
нужный 0.001718 0.814444 0.001399
татьяна 0.000687 1.86507 0.001281
вовлекать 0.000344 3.212994 0.001105
соцсеть 0.000687 1.628031 0.001118
высоковатый 0.000344 3.212994 0.001105
куратор 0.010653 1.543142 0.016439
насыщенный 0.000687 1.280108 0.000879
недавно 0.000687 2.971986 0.002042
существенный 0.000344 2.424498 0.000834
воронка 0.000344 3.212994 0.001105
сформироваться 0.000344 3.212994 0.001105
повторение 0.000344 3.087463 0.001062
имя 0.000344 0.014214 0.000005
домашний 0.008591 0.443607 0.003811
расход 0.000344 2.350497 0.000809
ошибиться 0.000344 2.350497 0.000809
развернуть 0.000344 1.917538 0.000660
широкий 0.000344 2.765535 0.000951
качество 0.002405 1.212994 0.002917
нечто 0.000344 3.212994 0.001105
госпрограмма 0.000344 3.212994 0.001105
интересовать 0.000687 0.584963 0.000402
разместить 0.000687 0.117836 0.000081
расписать 0.000344 3.212994 0.001105
возможность 0.002062 0.765535 0.001579
алексей 0.000344 2.424498 0.000834
спрашивать 0.000344 3.212994 0.001105
сеть 0.000344 1.057715 0.000364
маркетолог 0.000687 2.212994 0.001520
бизнес 0.001375 0.117836 0.000162
вырасти 0.000344 3.087463 0.001062
нок 0.000344 3.212994 0.001105
аналитик 0.001375 1.718229 0.002363
немало 0.000344 3.087463 0.001062
консультант 0.000344 3.087463 0.001062
удивить 0.000344 2.280108 0.000784
серьёзно 0.000344 2.280108 0.000784
копирайтинг 0.000344 1.180572 0.000406
человек 0.001718 1.180572 0.002028
нибыть 0.000344 2.028569 0.000698
сделать 0.001031 0.672425 0.000693
нацеленность 0.000344 3.212994 0.001105
организация 0.000687 1.584963 0.001089
соотношение 0.000344 3.087463 0.001062
тратить 0.000687 1.917538 0.001317
перегружаться 0.000344 2.5025 0.000861
визуальный 0.000687 0.133267 0.000092
рассказывать 0.001031 1.028569 0.001060
подача 0.001375 1.028569 0.001414
дистанционно 0.000344 1.314873 0.000452
перейти 0.000344 1.057715 0.000364
выполнить 0.000687 1.672425 0.001149
адекватно 0.000344 3.212994 0.001105
посмотреть 0.001031 0.765535 0.000789
самореализация 0.000344 6.672425 0.002295
домашка 0.000344 1.718229 0.000591
масштабироваться 0.000344 2.971986 0.001022
избавиться 0.000344 2.86507 0.000986
виктория 0.000344 1.628031 0.000560
жизнь 0.001031 1.917538 0.001977
директор 0.000344 2.765535 0.000951
м 0.000687 2.86507 0.001968
позвонить 0.000344 3.212994 0.001105
преподаватель 0.010653 0.263034 0.002802
доступ 0.002062 0.424498 0.000875
влад 0.000344 3.212994 0.001105
потребность 0.000344 3.087463 0.001062
относиться 0.000344 2.5025 0.000861
вещь 0.000344 2.087463 0.000718
инстаграм 0.000344 3.087463 0.001062
поступить 0.000344 3.087463 0.001062
контент 0.000344 1.86507 0.000642
придираться 0.000344 3.087463 0.001062
проверять 0.003436 1.314873 0.004518
реализация 0.000344 2.672425 0.000919
совмещать 0.001031 2.86507 0.002954
видео 0.002749 0.789782 0.002171
арт 0.000344 3.212994 0.001105
платформа 0.000687 0.891066 0.000612
проект 0.001375 0.0 0.000000
просмотр 0.000344 1.672425 0.000575
виснуть 0.000344 3.212994 0.001105
настоящий 0.000687 2.087463 0.001434
пойма 0.000344 5.087463 0.001750
учисьонлайн 0.000344 0.133267 0.000046
целое 0.001375 1.212994 0.001668
своевременный 0.000344 3.212994 0.001105
вода 0.002062 0.86507 0.001784
клуб 0.000344 2.86507 0.000986
начало 0.000344 1.246161 0.000429
карьера 0.000687 1.672425 0.001149
обучаться 0.000687 0.789782 0.000543
неплохой 0.000344 2.5025 0.000861
месячный 0.000344 2.86507 0.000986
иллюстратор 0.000687 2.971986 0.002042
чат 0.002405 0.891066 0.002143
сидеть 0.000344 2.148863 0.000739
синхронный 0.000344 5.672425 0.001951
цена 0.002062 0.297386 0.000613
рабочий 0.000344 1.462972 0.000503
настраивать 0.000344 2.584963 0.000889
советовать 0.000344 2.028569 0.000698
отправить 0.000344 0.10257 0.000035
запомнить 0.000344 1.86507 0.000642
доработка 0.000344 3.087463 0.001062
абстрактный 0.000344 3.212994 0.001105
составить 0.000687 1.350497 0.000928
урок 0.004124 0.297386 0.001226
рубрикатор 0.000344 0.350497 0.000121
сторона 0.000344 2.350497 0.000809
подстраивать 0.000344 2.028569 0.000698
поэтому 0.004124 0.650058 0.002681
вполне 0.000687 2.5025 0.001719
понять 0.001375 1.028569 0.001414
специалист 0.001031 0.718229 0.000740
начать 0.001031 1.057715 0.001091
всё 0.007904 0.014214 0.000112
базовый 0.000344 1.628031 0.000560
иметь 0.000344 1.424498 0.000490
например 0.000344 1.148863 0.000395
постоянно 0.000344 2.424498 0.000834
понятно 0.000687 1.672425 0.001149
нелепый 0.000344 3.212994 0.001105
пара 0.000687 1.628031 0.001118
кейс 0.001718 1.180572 0.002028
упрощать 0.000344 2.86507 0.000986
волноваться 0.000687 3.087463 0.002121
теоретический 0.001031 1.584963 0.001634
содержать 0.000344 0.180572 0.000062
персонал 0.000344 2.280108 0.000784
просьба 0.000687 2.672425 0.001836
основный 0.000687 2.028569 0.001394
обратный 0.003436 0.072512 0.000249
реально 0.000344 1.543142 0.000531
автоматизировать 0.000344 3.212994 0.001105
глядеть 0.000344 3.087463 0.001062
наталья 0.000344 1.5025 0.000517
презентация 0.000344 1.971986 0.000678
причина 0.000344 1.765535 0.000607
уволиться 0.000344 3.212994 0.001105
яндекс 0.000687 0.133267 0.000092
успех 0.000687 2.672425 0.001836
очень 0.00378 1.387023 0.005243
благодаря 0.000344 1.814444 0.000624
данный 0.000344 1.86507 0.000642
около 0.000344 0.133267 0.000046
инст 0.000344 3.212994 0.001105
клиент 0.000687 1.462972 0.001005
нигде 0.000344 3.087463 0.001062
лист 0.000344 1.718229 0.000591
государство 0.000344 2.971986 0.001022
профессионал 0.001031 0.584963 0.000603
кабинет 0.000687 0.387023 0.000266
видеолекция 0.000344 1.5025 0.000517
координатор 0.000344 1.718229 0.000591
год 0.001375 0.387023 0.000532
книга 0.000687 2.087463 0.001434
максим 0.000344 1.814444 0.000624
увлекательный 0.000344 1.387023 0.000477
сочетание 0.001031 2.424498 0.002500
успевать 0.001031 2.280108 0.002351
максимально 0.000344 1.814444 0.000624
опубликовать 0.000344 0.628031 0.000216
время 0.005155 0.014214 0.000073
злоупотреблять 0.000344 3.212994 0.001105
трек 0.001031 4.350497 0.004485
далее 0.00378 0.584963 0.002211
наплевательский 0.000344 3.212994 0.001105
бояться 0.001031 2.86507 0.002954
превратить 0.000344 3.087463 0.001062
рекомендация 0.000687 1.180572 0.000811
знакомство 0.000344 2.672425 0.000919
потолок 0.000344 2.971986 0.001022
работа 0.009278 0.10257 0.000952
почему 0.000344 2.86507 0.000986
резюме 0.000687 2.424498 0.001666
комментарий 0.003093 0.10257 0.000317
открыть 0.001375 2.028569 0.002789
комьюнити 0.000344 3.087463 0.001062
полина 0.000344 2.5025 0.000861
купить 0.001718 0.814444 0.001399
хронометраж 0.000344 3.212994 0.001105
финансы 0.000344 0.133267 0.000046
формат 0.00378 0.180572 0.000683
спасибо 0.000344 1.5025 0.000517
приблизить 0.000344 2.971986 0.001022
точка 0.000687 1.86507 0.001281
ускоренный 0.000344 3.212994 0.001105
принимать 0.000687 0.628031 0.000431
идеальный 0.000344 2.028569 0.000698
находиться 0.000344 2.765535 0.000951
хватать 0.000344 1.917538 0.000660
это 0.00378 0.014214 0.000054
смотреть 0.001375 0.695145 0.000956
знать 0.000687 0.672425 0.000462
действительно 0.001031 1.087463 0.001121
доносить 0.000344 2.424498 0.000834
отсрочка 0.000344 3.212994 0.001105
просто 0.002405 0.718229 0.001727
соц 0.000344 2.584963 0.000889
эффективный 0.000687 1.917538 0.001317
данные 0.000344 1.212994 0.000417
проверка 0.001718 0.628031 0.001079
исправлять 0.000344 2.087463 0.000718
ошибка 0.002405 0.072512 0.000174
бывать 0.000344 2.350497 0.000809
обязательный 0.000344 2.672425 0.000919
подсказать 0.000344 3.212994 0.001105
сказать 0.000687 1.814444 0.001247
считать 0.000344 2.028569 0.000698
сообщить 0.000687 0.133267 0.000092
возможно 0.000344 2.424498 0.000834
наставник 0.001718 0.839535 0.001442
удаться 0.000344 2.584963 0.000889
смм 0.000344 1.424498 0.000490
гораздо 0.000344 1.86507 0.000642
читать 0.000344 1.117836 0.000385
полгода 0.000344 2.86507 0.000986
регистрация 0.000687 0.133267 0.000092
видимо 0.000344 3.212994 0.001105
егоров 0.000344 3.212994 0.001105
английский 0.000687 1.86507 0.001281
наш 0.000344 1.148863 0.000395
восторг 0.000344 1.765535 0.000607
смартфон 0.000344 1.86507 0.000642
изучение 0.000344 0.718229 0.000247
кук 0.000344 0.133267 0.000046
разбираться 0.000687 1.672425 0.001149
зарабатывать 0.000344 2.148863 0.000739
потратить 0.001718 1.86507 0.003204
классический 0.000344 2.86507 0.000986
юрий 0.000344 3.087463 0.001062
окупить 0.000344 3.212994 0.001105
построение 0.000687 3.86507 0.002655
дмитриевич 0.000344 3.087463 0.001062
виталий 0.000344 2.765535 0.000951
создавать 0.001031 0.971986 0.001002
иностранный 0.000344 0.133267 0.000046
оставаться 0.000344 1.0 0.000344
топ 0.000344 2.672425 0.000919
визуализация 0.000687 2.584963 0.001776
освоить 0.001031 1.246161 0.001285
неудачный 0.000344 3.212994 0.001105
запретить 0.000687 0.133267 0.000092
лендинга 0.000344 2.971986 0.001022
обещать 0.000344 2.424498 0.000834
серьёзный 0.000344 2.148863 0.000739
мороз 0.000344 3.212994 0.001105
задача 0.000687 1.057715 0.000727
получать 0.000344 0.765535 0.000263
александр 0.001375 1.314873 0.001808
слово 0.000344 1.387023 0.000477
нулевой 0.000687 2.5025 0.001719
последний 0.000687 1.5025 0.001032
сайт 0.002062 0.0 0.000000
школа 0.01134 0.133267 0.001511
назаров 0.000344 3.212994 0.001105
день 0.001031 0.718229 0.000740
лектор 0.000687 1.462972 0.001005
несколько 0.002062 0.606336 0.001250
зря 0.000344 2.584963 0.000889
вариант 0.000344 1.543142 0.000531
подрядчик 0.000344 3.212994 0.001105
вечер 0.000687 2.5025 0.001719
ужасный 0.000344 3.212994 0.001105
подходить 0.000344 1.028569 0.000354
остальной 0.000344 2.584963 0.000889
ученик 0.001031 0.164631 0.000170
прослушивание 0.000344 3.212994 0.001105
реагировать 0.000344 2.350497 0.000809
обучение 0.009966 0.087463 0.000872
конструктивный 0.000344 2.86507 0.000986
уровнять 0.000344 3.212994 0.001105
выбор 0.002405 1.087463 0.002615
оцифровывать 0.000344 3.212994 0.001105
заранее 0.000344 2.971986 0.001022
работать 0.001718 0.133267 0.000229
пробный 0.000344 2.280108 0.000784
прошлое 0.000344 3.212994 0.001105
свой 0.005155 0.043069 0.000222
архикад 0.000344 3.212994 0.001105
достоверный 0.000344 3.087463 0.001062
внутренний 0.000344 2.424498 0.000834
продолжительность 0.000344 1.028569 0.000354
елена 0.000687 1.86507 0.001281
курс 0.038144 0.057715 0.002201
сначала 0.000687 1.148863 0.000789
информация 0.007904 0.057715 0.000456
цвет 0.000344 2.350497 0.000809
пользователь 0.000344 0.482601 0.000166
удобно 0.000344 0.971986 0.000334
развитие 0.001031 1.117836 0.001152
телеграм 0.000687 2.672425 0.001836
записаться 0.000687 2.5025 0.001719
вк 0.001031 0.133267 0.000137
верно 0.000344 2.971986 0.001022
засчитать 0.014089 0.839535 0.011828
вопрос 0.007216 0.332575 0.002400
маркетинговый 0.000344 2.5025 0.000861
плохой 0.000344 3.087463 0.001062
отпускной 0.000344 3.212994 0.001105
избранный 0.000687 0.133267 0.000092
план 0.001718 1.462972 0.002513
ваничев 0.000344 3.212994 0.001105
понравиться 0.001375 1.180572 0.001623
отношение 0.000344 1.672425 0.000575
разный 0.001031 0.584963 0.000603
пользоваться 0.000344 1.424498 0.000490
масса 0.000687 2.087463 0.001434
полный 0.000344 1.424498 0.000490
обнаружить 0.000344 2.971986 0.001022
смежный 0.000344 2.350497 0.000809
минута 0.000344 1.424498 0.000490
претендовать 0.000344 6.672425 0.002295
мешать 0.000344 2.584963 0.000889
однако 0.000687 2.424498 0.001666
полезно 0.000344 0.765535 0.000263
рубль 0.000344 2.280108 0.000784
структура 0.000344 2.148863 0.000739
занятие 0.006186 0.314873 0.001948
мидло 0.000344 3.087463 0.001062
неделя 0.000344 0.563901 0.000194
сразу 0.001375 0.628031 0.000864
задавать 0.000344 0.765535 0.000263
постепенно 0.000344 1.718229 0.000591
лайфхак 0.002062 1.584963 0.003268
создать 0.000344 1.246161 0.000429
эффект 0.000344 2.86507 0.000986
интересный 0.002062 0.628031 0.001295
минус 0.01134 0.789782 0.008956
запись 0.001375 0.606336 0.000834
уйти 0.000344 2.765535 0.000951
упор 0.000687 2.584963 0.001776
особенность 0.000344 0.246161 0.000085
студия 0.000687 2.672425 0.001836
лёгкий 0.000344 1.917538 0.000660
тема 0.001375 0.148863 0.000205
оферта 0.000687 0.133267 0.000092
салон 0.000687 3.212994 0.002207
учить 0.000344 1.424498 0.000490
надежда 0.000344 2.5025 0.000861
лукьянов 0.000687 2.424498 0.001666
программа 0.005842 0.0 0.000000
паразит 0.000344 3.212994 0.001105
вид 0.000344 1.5025 0.000517
компания 0.001718 1.028569 0.001767
последовательный 0.000687 3.087463 0.002121
олег 0.000344 2.584963 0.000889
зачастую 0.000344 0.606336 0.000209
поначалу 0.000344 2.424498 0.000834
поменять 0.000344 2.672425 0.000919
быстро 0.001718 0.917538 0.001576
профи 0.000687 0.971986 0.000668
маркетинг 0.001718 0.695145 0.001194
дать 0.001031 0.971986 0.001002
дата 0.000344 2.424498 0.000834
подробно 0.002062 0.917538 0.001892
совет 0.001375 0.891066 0.001225
владимир 0.000344 2.765535 0.000951
поиск 0.001718 0.10257 0.000176
написать 0.002405 0.462972 0.001113
самостоятельный 0.001031 1.148863 0.001184
впоследствии 0.000344 3.212994 0.001105
инструмент 0.001718 0.789782 0.001357
поээтом 0.000344 3.212994 0.001105
команда 0.001718 1.424498 0.002447
мультик 0.000344 2.971986 0.001022
стоить 0.001031 0.789782 0.000814
емельяненков 0.000344 3.212994 0.001105
огромный 0.000687 1.917538 0.001317
никто 0.000344 1.628031 0.000560
событие 0.000687 0.133267 0.000092
записываться 0.000344 2.765535 0.000951
пятёрка 0.000344 3.212994 0.001105
взгляд 0.000687 1.765535 0.001213
стоимость 0.001375 0.695145 0.000956
попытка 0.000344 2.971986 0.001022
почитать 0.000687 1.971986 0.001355
налог 0.000344 2.584963 0.000889
дизайн 0.003093 0.765535 0.002368
слишком 0.000687 1.672425 0.001149
надоедать 0.000344 3.212994 0.001105
встреча 0.000344 4.350497 0.001497
потерять 0.000344 2.86507 0.000986
рада 0.000344 2.86507 0.000986
любимый 0.000344 2.971986 0.001022
задание 0.008935 0.368645 0.003294
делиться 0.001375 1.314873 0.001808
бесполихина 0.000344 3.212994 0.001105
пароль 0.002405 0.133267 0.000321
дистанционный 0.001375 0.314873 0.000433
меню 0.000344 0.117836 0.000041
обмеинваться 0.000344 3.212994 0.001105
короткий 0.001031 1.314873 0.001356
знак 0.000344 2.86507 0.000986
виток 0.000344 3.212994 0.001105
коммуникация 0.000687 2.350497 0.001615
гарифуллин 0.000344 3.212994 0.001105
коучий 0.000344 5.672425 0.001951
сложиться 0.000344 3.212994 0.001105
самостоятельно 0.000687 1.028569 0.000707
рассматривать 0.000344 2.86507 0.000986
уровень 0.004124 0.741688 0.003059
мало 0.000344 1.387023 0.000477
заголовок 0.000344 0.839535 0.000289
книжка 0.000344 3.087463 0.001062
слить 0.000344 3.212994 0.001105
питон 0.000344 3.087463 0.001062
аудит 0.000344 2.672425 0.000919
сервис 0.000344 1.314873 0.000452
правильно 0.000344 1.543142 0.000531
обращаться 0.000344 2.424498 0.000834
страница 0.000687 0.314873 0.000216
момент 0.001031 1.0 0.001031
апенький 0.000344 3.212994 0.001105
ответственный 0.000687 2.148863 0.001476
понимание 0.000687 1.917538 0.001317
организовать 0.000344 1.86507 0.000642
ругань 0.000344 3.212994 0.001105
тестировщик 0.000344 3.212994 0.001105
реклама 0.001375 0.332575 0.000457
любить 0.000344 2.350497 0.000809
ильдар 0.000344 3.212994 0.001105
выгодный 0.000344 4.350497 0.001497
подготавливать 0.000344 3.212994 0.001105
мечтать 0.000344 3.087463 0.001062
неточность 0.000344 0.133267 0.000046
ру 0.000344 0.117836 0.000041
нормально 0.000344 3.212994 0.001105
веб 0.000687 1.148863 0.000789
закрепить 0.000344 2.86507 0.000986
забыть 0.001375 0.133267 0.000183
управление 0.000687 0.10257 0.000070
условие 0.001031 0.028569 0.000029
чистый 0.000344 2.280108 0.000784
бьютя 0.000344 3.212994 0.001105
ца 0.000687 2.350497 0.001615
область 0.000344 2.028569 0.000698
анализ 0.001375 1.350497 0.001857
предложить 0.000344 2.86507 0.000986
мобильный 0.000687 1.917538 0.001317
поступать 0.000344 3.087463 0.001062
ваш 0.001375 0.280108 0.000385
собственность 0.000687 0.133267 0.000092
собственный 0.001718 1.0 0.001718
чертёж 0.000344 2.971986 0.001022
вернуть 0.000344 1.971986 0.000678
пожалеть 0.000687 2.148863 0.001476
отзыв 0.027148 0.164631 0.004469
шник 0.000344 3.212994 0.001105
менять 0.000344 2.5025 0.000861
повышать 0.000344 2.86507 0.000986
скиллбокс 0.002062 2.087463 0.004304
объяснять 0.001375 0.971986 0.001336
стать 0.002062 0.695145 0.001433
сложный 0.001375 0.839535 0.001154
руководство 0.000344 2.028569 0.000698
удобный 0.002405 0.314873 0.000757
покупать 0.000687 2.212994 0.001520
ресурс 0.000344 1.765535 0.000607
нанимать 0.000344 2.971986 0.001022
воспользоваться 0.000344 0.297386 0.000102
обращение 0.000687 2.350497 0.001615
буквально 0.000344 3.212994 0.001105
посоветовать 0.000687 3.212994 0.002207
матвей 0.000344 3.087463 0.001062
забывать 0.000344 2.86507 0.000986
завысить 0.000344 2.212994 0.000761
катарин 0.000687 3.212994 0.002207
управлять 0.000344 2.148863 0.000739
оптимальный 0.000344 2.350497 0.000809
мечта 0.000687 2.672425 0.001836
отрасль 0.001718 2.584963 0.004441
приемлемый 0.000344 1.718229 0.000591
создание 0.000687 1.424498 0.000979
полностью 0.000344 1.087463 0.000374
отвечать 0.001718 0.5025 0.000863
сммщик 0.000344 2.5025 0.000861
переход 0.000344 2.86507 0.000986
карьерный 0.004467 3.672425 0.016405
разбор 0.001375 1.314873 0.001808
новый 0.004124 0.263034 0.001085
углубиться 0.000344 2.087463 0.000718
лекция 0.001375 0.695145 0.000956
синицин 0.000344 3.212994 0.001105
идея 0.000344 2.148863 0.000739
студийный 0.000344 2.971986 0.001022
поток 0.000344 2.765535 0.000951
насыщенно 0.000344 2.5025 0.000861
пересмотреть 0.000344 1.971986 0.000678
задать 0.000687 0.462972 0.000318
восстановить 0.000344 0.133267 0.000046
говорить 0.000687 1.971986 0.001355
р 0.000687 0.462972 0.000318
появиться 0.001031 2.424498 0.002500
профиль 0.000687 5.672425 0.003897
проанализировать 0.000687 5.087463 0.003495
сертификат 0.000687 0.424498 0.000292
семён 0.000344 3.212994 0.001105
рука 0.000344 2.86507 0.000986
дипломный 0.000344 1.628031 0.000560
закреплять 0.000687 2.148863 0.001476
нуль 0.002062 0.86507 0.001784
артём 0.000344 2.087463 0.000718
использовать 0.000687 0.0 0.000000
проведение 0.000344 1.180572 0.000406
пример 0.001375 0.814444 0.001120
продвижение 0.001375 1.212994 0.001668
детальный 0.000344 2.424498 0.000834
кайф 0.000344 3.212994 0.001105
григораш 0.000344 3.212994 0.001105
ответственно 0.000344 2.350497 0.000809
получаться 0.000344 2.087463 0.000718
отложиться 0.000344 3.212994 0.001105
навык 0.002405 0.86507 0.002080
ведышева 0.000344 3.212994 0.001105
окончание 0.000344 0.86507 0.000298
переходить 0.000344 1.917538 0.000660
свежий 0.000344 2.280108 0.000784
приятно 0.000344 2.350497 0.000809
являться 0.001375 0.028569 0.000039
радовать 0.000344 3.212994 0.001105
грамотный 0.000344 1.246161 0.000429
который 0.005155 0.057715 0.000298
вспомнить 0.000344 3.212994 0.001105
выделять 0.000344 2.86507 0.000986
помощь 0.002405 0.280108 0.000674
согласие 0.000687 0.133267 0.000092
счастие 0.000344 2.584963 0.000889
увидеть 0.000344 2.5025 0.000861
видеть 0.001031 1.814444 0.001871
возникать 0.000687 1.765535 0.001213
настроить 0.000344 1.350497 0.000465
затягивать 0.000344 1.917538 0.000660
учёба 0.001031 1.212994 0.001251
ознакомительный 0.000687 0.133267 0.000092
школьный 0.000687 0.133267 0.000092
мо 0.000344 3.212994 0.001105
кампания 0.000687 2.212994 0.001520
подруга 0.000344 3.087463 0.001062
рассказать 0.000687 0.944505 0.000649
никакой 0.000344 1.718229 0.000591
содержательный 0.000344 2.424498 0.000834
специальный 0.000344 1.628031 0.000560
практически 0.000344 2.280108 0.000784
переделывать 0.000687 3.212994 0.002207
войти 0.002749 0.117836 0.000324
фидбек 0.000344 3.212994 0.001105
претензия 0.000344 2.424498 0.000834
поделиться 0.000344 0.584963 0.000201
микс 0.000344 3.212994 0.001105
выходить 0.000687 2.350497 0.001615
выбрать 0.004124 0.443607 0.001829
образование 0.000687 0.133267 0.000092
группа 0.000344 1.212994 0.000417
досконально 0.000687 3.087463 0.002121
менеджер 0.001031 0.917538 0.000946
касаться 0.000344 2.280108 0.000784
тест 0.000344 1.462972 0.000503
долгий 0.000344 2.148863 0.000739
хотя 0.002062 2.584963 0.005330
портфолио 0.002062 1.148863 0.002369
точный 0.000687 0.117836 0.000081
место 0.001031 1.765535 0.001820
простой 0.000687 0.789782 0.000543
нормальный 0.000687 2.672425 0.001836
подробный 0.001718 0.10257 0.000176
ответ 0.002749 0.072512 0.000199
разобраться 0.000344 0.86507 0.000298
дизайнер 0.000687 1.280108 0.000879
выучить 0.000344 2.028569 0.000698
взаимодействие 0.000687 2.86507 0.001968
фио 0.000344 0.814444 0.000280
копирование 0.000687 0.133267 0.000092
максимум 0.000344 1.543142 0.000531
специальность 0.000687 1.584963 0.001089
очно 0.000344 3.212994 0.001105
ментор 0.000344 2.672425 0.000919
торопить 0.000344 2.971986 0.001022
профессия 0.001718 0.584963 0.001005
жизненный 0.000344 2.148863 0.000739
коммерческий 0.000687 2.5025 0.001719
первый 0.002749 0.606336 0.001667
деньга 0.001375 1.180572 0.001623
атмосфера 0.000687 2.028569 0.001394
голова 0.000344 1.814444 0.000624
затрата 0.000344 3.087463 0.001062
конфиденциальность 0.000344 0.0 0.000000
ждать 0.000344 2.350497 0.000809
квест 0.000344 2.5025 0.000861
труд 0.000344 3.5025 0.001205
полезный 0.018557 0.522678 0.009699
профессиональный 0.001718 0.117836 0.000202
уходить 0.000687 3.212994 0.002207
бренд 0.000344 3.86507 0.001330
групповой 0.000687 2.672425 0.001836
сво 0.000687 2.5025 0.001719
планомерно 0.000344 3.212994 0.001105
использование 0.000687 0.0 0.000000
готовый 0.000687 1.462972 0.001005
ориентировать 0.000344 3.087463 0.001062
последовательность 0.000344 2.86507 0.000986
трудоустройство 0.000687 1.387023 0.000953
разрабатывать 0.000344 2.5025 0.000861
добрый 0.000687 2.350497 0.001615
вебинар 0.00378 0.522678 0.001976
желание 0.000344 1.718229 0.000591
макс 0.000344 3.212994 0.001105
прогресс 0.001031 2.5025 0.002580
недочёт 0.001375 2.087463 0.002870
содержание 0.000344 1.087463 0.000374
парсер 0.000344 3.212994 0.001105
получить 0.006873 0.014214 0.000098
связь 0.004467 0.133267 0.000595
интерьер 0.001031 2.028569 0.002091
показывать 0.001031 2.424498 0.002500
разбирать 0.001031 1.424498 0.001469
удалённый 0.000687 1.86507 0.001281
агентство 0.000687 3.087463 0.002121
высокий 0.001031 1.212994 0.001251
основное 0.001031 1.718229 0.001771
поддержка 0.001375 0.86507 0.001189
многое 0.000344 1.628031 0.000560
польза 0.000687 1.814444 0.001247
разобрать 0.000344 1.543142 0.000531
любой 0.001031 0.148863 0.000153
решение 0.000344 1.543142 0.000531
лишь 0.000344 2.424498 0.000834
скучный 0.000344 1.814444 0.000624
учитель 0.000344 1.314873 0.000452
крупный 0.000687 1.814444 0.001247
расшифровка 0.000344 4.672425 0.001607
компетентный 0.000344 1.814444 0.000624
знание 0.003093 0.117836 0.000364
сильный 0.000344 1.917538 0.000660
идти 0.002062 1.212994 0.002501
практика 0.006873 0.314873 0.002164
скидка 0.000687 0.584963 0.000402
официальный 0.000687 0.133267 0.000092
сравнивать 0.000344 2.424498 0.000834
саморазвитие 0.000344 0.133267 0.000046
таки 0.000344 2.148863 0.000739
реб 0.000344 3.212994 0.001105
ценный 0.000687 1.117836 0.000768
достаточно 0.000344 1.462972 0.000503
успокаивать 0.000344 3.212994 0.001105
прийтись 0.000344 1.0 0.000344
информативный 0.001031 2.028569 0.002091
пользовательский 0.000344 0.117836 0.000041
реальный 0.00378 0.246161 0.000930
бесплатно 0.000687 0.482601 0.000332
качественно 0.000344 2.584963 0.000889
идрисович 0.000344 3.212994 0.001105
чащенко 0.000344 3.212994 0.001105
ребёнок 0.000344 0.117836 0.000041
общение 0.000687 1.350497 0.000928
немаленький 0.000344 3.212994 0.001105
язык 0.001375 0.043069 0.000059
взл 0.002405 6.672425 0.016047
дикция 0.000344 3.087463 0.001062
ниже 0.000344 0.944505 0.000325
оценка 0.001031 0.117836 0.000121
сайентист 0.000344 3.212994 0.001105
политика 0.000344 0.0 0.000000
п 0.000687 2.672425 0.001836
отрицательный 0.000344 2.280108 0.000784
настолько 0.000344 2.971986 0.001022
представитель 0.000687 0.543142 0.000373
пр 0.001718 1.5025 0.002581
сумма 0.000344 2.280108 0.000784
модель 0.000344 2.280108 0.000784
помогать 0.003436 1.087463 0.003737
носить 0.000687 0.133267 0.000092
повышение 0.000687 1.387023 0.000953
рассчитать 0.000687 1.424498 0.000979
владелец 0.000344 2.672425 0.000919
марк 0.000344 3.212994 0.001105
вести 0.000687 0.718229 0.000493
дз 0.001031 2.424498 0.002500
профессионализм 0.000344 2.280108 0.000784
форма 0.000344 1.424498 0.000490
системный 0.001031 2.5025 0.002580
собственно 0.000344 3.212994 0.001105
персональный 0.000344 2.087463 0.000718
текст 0.001031 0.072512 0.000075
удивиться 0.000344 3.212994 0.001105
подтверждение 0.000344 0.133267 0.000046
лишний 0.001031 1.212994 0.001251
опытный 0.001375 1.0 0.001375
сравнить 0.000344 0.133267 0.000046
дозировать 0.000344 2.5025 0.000861
сокурсник 0.000687 2.424498 0.001666
блогер 0.000344 2.584963 0.000889
нравиться 0.000344 2.584963 0.000889
процент 0.000344 2.350497 0.000809
андрей 0.000344 2.86507 0.000986
разумный 0.000344 3.212994 0.001105
некоторый 0.001031 1.180572 0.001217
направление 0.001375 0.280108 0.000385
зрение 0.000344 2.765535 0.000951
рассрочка 0.001375 0.917538 0.001262
научиться 0.001031 0.584963 0.000603
поискать 0.000687 0.314873 0.000216
всецело 0.000344 3.212994 0.001105
основной 0.001031 1.028569 0.001060
роль 0.000344 2.765535 0.000951
теория 0.003436 0.5025 0.001727
занимать 0.000344 2.971986 0.001022
пока 0.001718 0.563901 0.000969
поработать 0.000344 2.765535 0.000951
возвращаться 0.000344 3.087463 0.001062
принять 0.000687 2.86507 0.001968
закрепление 0.001031 2.087463 0.002152
режим 0.000344 2.028569 0.000698
заказ 0.000344 2.765535 0.000951
давно 0.000344 1.117836 0.000385
причём 0.000344 2.86507 0.000986
галочка 0.000344 3.212994 0.001105
переживать 0.000344 3.087463 0.001062
доступный 0.001031 0.891066 0.000919
гуглить 0.000344 2.350497 0.000809
привязка 0.000344 3.212994 0.001105
выпытывать 0.000344 3.212994 0.001105
сформулировать 0.000344 5.672425 0.001951
заниматься 0.002749 0.839535 0.002308
интенсив 0.000687 1.971986 0.001355
интересно 0.000344 1.087463 0.000374
удовольствие 0.000344 1.314873 0.000452
случайно 0.000344 3.212994 0.001105
терпеливо 0.000687 3.212994 0.002207
решить 0.003436 0.839535 0.002885
детство 0.000344 3.212994 0.001105
спикер 0.000687 1.5025 0.001032
тип 0.000687 0.741688 0.000510
красота 0.000344 1.917538 0.000660
необычный 0.000344 3.087463 0.001062
доступно 0.002405 1.028569 0.002474
георгиев 0.000344 3.212994 0.001105
применить 0.000344 2.350497 0.000809
помочь 0.000344 0.765535 0.000263
лидер 0.000344 2.971986 0.001022
выход 0.002749 3.087463 0.008487
изучать 0.000344 1.087463 0.000374
открывать 0.000344 3.087463 0.001062
общий 0.000687 0.212994 0.000146
индивидуальный 0.001375 1.117836 0.001537
узнать 0.000344 0.443607 0.000153
твёрдый 0.000344 3.212994 0.001105
требоваться 0.000344 2.087463 0.000718
мария 0.000687 1.814444 0.001247
белов 0.000344 3.087463 0.001062
весь 0.00378 0.0 0.000000
бросать 0.000344 2.424498 0.000834
магазин 0.000344 2.765535 0.000951
обмениваться 0.000344 3.212994 0.001105
з 0.002749 1.387023 0.003813
компетенция 0.000344 5.087463 0.001750
бюджет 0.000687 2.584963 0.001776
разработать 0.000687 1.971986 0.001355
предложение 0.000687 1.971986 0.001355
найти 0.003093 0.765535 0.002368
ссылка 0.001375 0.087463 0.000120
потрудиться 0.000344 3.212994 0.001105
функция 0.000344 1.584963 0.000545
подтвердить 0.000344 2.280108 0.000784
длительность 0.000344 0.297386 0.000102
устаревший 0.000687 1.86507 0.001281
самый 0.001031 0.584963 0.000603
ответить 0.002405 1.314873 0.003162
дело 0.001031 0.917538 0.000946
смочь 0.000687 0.628031 0.000431
журнал 0.000344 4.672425 0.001607
плюс 0.011684 0.765535 0.008945
проходить 0.003093 0.368645 0.001140
учиться 0.002405 0.482601 0.001161
ютуба 0.000687 1.917538 0.001317
хотеться 0.000687 1.057715 0.000727
сложность 0.000687 1.350497 0.000928
выходной 0.000344 1.917538 0.000660
поднапрячься 0.000344 3.212994 0.001105
качественный 0.001375 1.057715 0.001454
чёткий 0.000687 1.86507 0.001281
евгений 0.001031 1.543142 0.001591
записать 0.000687 2.087463 0.001434
однозначно 0.000344 2.148863 0.000739
отсутствие 0.000344 2.971986 0.001022
окупиться 0.000344 2.5025 0.000861
начинающий 0.000344 0.650058 0.000224
раздел 0.000344 0.10257 0.000035
денис 0.000344 3.212994 0.001105
вложение 0.000344 3.087463 0.001062
дальнейший 0.000687 1.543142 0.001060
указывать 0.000344 2.212994 0.000761
актуальный 0.000344 1.718229 0.000591
синтаксис 0.000344 2.584963 0.000889
ещё 0.003093 0.028569 0.000088
отрыв 0.000344 3.212994 0.001105
отличный 0.001031 1.057715 0.001091
принцип 0.000687 1.462972 0.001005
рост 0.000687 2.584963 0.001776
поваркова 0.000344 3.212994 0.001105
именно 0.000687 2.028569 0.001394
итог 0.001031 1.462972 0.001508
упираться 0.000344 3.212994 0.001105
опыт 0.00378 0.180572 0.000683
найда 0.000344 6.672425 0.002295
специализировать 0.000344 2.424498 0.000834
продолжить 0.000344 2.86507 0.000986
зарегистрироваться 0.001375 0.133267 0.000183
рекламный 0.001031 2.028569 0.002091
каталог 0.000687 0.133267 0.000092
наладить 0.000344 3.087463 0.001062
лобозвать 0.000344 3.212994 0.001105
никак 0.000344 2.5025 0.000861
речь 0.000344 2.028569 0.000698
приложение 0.001031 2.087463 0.002152
должность 0.000344 2.584963 0.000889
показаться 0.001031 2.148863 0.002215
включая 0.000687 0.087463 0.000060
выйти 0.000687 2.86507 0.001968
норма 0.000344 3.087463 0.001062
научить 0.000687 2.212994 0.001520
тим 0.000344 3.212994 0.001105
знакомый 0.000344 2.087463 0.000718
продажа 0.000687 1.718229 0.001180
оплачивать 0.000687 2.5025 0.001719
наушник 0.000344 3.212994 0.001105
подойти 0.000344 0.443607 0.000153
клёвый 0.000344 3.212994 0.001105
тд 0.000344 3.212994 0.001105
рекламодатель 0.000344 0.350497 0.000121
технический 0.000687 1.765535 0.001213
подход 0.001031 1.0 0.001031
очный 0.000344 2.424498 0.000834
эксперт 0.000344 0.718229 0.000247
проблема 0.000344 0.789782 0.000272
наслать 0.000344 0.164631 0.000057
автор 0.000687 0.133267 0.000092
опция 0.000344 2.584963 0.000889
важный 0.000344 1.462972 0.000503
разжёвывать 0.000687 2.86507 0.001968
больший 0.000344 0.695145 0.000239
интенсивный 0.000344 2.424498 0.000834
определять 0.000344 3.087463 0.001062
становиться 0.000344 2.212994 0.000761
инф 0.000687 2.350497 0.001615
пойти 0.000687 1.314873 0.000903
оптимизировать 0.000344 2.971986 0.001022
мебель 0.000344 3.212994 0.001105
грамотно 0.000344 1.462972 0.000503
доходчиво 0.000344 2.148863 0.000739
контекстный 0.000344 2.672425 0.000919
элементарно 0.000344 3.212994 0.001105
элемент 0.000687 0.0 0.000000
общаться 0.001031 1.462972 0.001508
характер 0.000687 0.133267 0.000092
результат 0.002405 0.606336 0.001458
пожалуйста 0.000344 3.087463 0.001062
выше 0.000344 2.280108 0.000784
хотеть 0.000687 0.672425 0.000462
цель 0.000344 1.86507 0.000642
чек 0.000344 1.718229 0.000591
консультация 0.000687 2.087463 0.001434
бесплатный 0.000687 0.606336 0.000417
сессия 0.000687 5.087463 0.003495
нудный 0.000344 2.087463 0.000718
дедлайн 0.000344 2.280108 0.000784
цп 0.000344 3.212994 0.001105
обзор 0.000344 2.86507 0.000986
иной 0.000344 2.148863 0.000739
сорваться 0.000344 3.212994 0.001105
построить 0.000687 1.387023 0.000953
разработка 0.002062 1.462972 0.003017
бухучёт 0.000344 2.584963 0.000889
скорректировать 0.000344 3.672425 0.001263
таргетинг 0.000687 2.212994 0.001520
материал 0.002405 0.164631 0.000396
скорость 0.000344 2.148863 0.000739
оставлять 0.000687 0.584963 0.000402
возникнуть 0.000344 1.246161 0.000429
конкурент 0.000344 2.087463 0.000718
екатерина 0.000687 2.212994 0.001520
универ 0.000344 2.5025 0.000861
тяжело 0.000687 2.584963 0.001776
зарегистрировать 0.001375 0.117836 0.000162
достигнутый 0.000344 3.087463 0.001062
рынок 0.000687 2.148863 0.001476
разработчик 0.002749 1.814444 0.004988
щедро 0.000344 3.212994 0.001105
непонятный 0.000344 1.424498 0.000490
беспроцентный 0.000687 2.971986 0.002042
интерактивный 0.000344 1.672425 0.000575
демонстрация 0.000344 3.087463 0.001062
предлагать 0.000344 2.280108 0.000784
часть 0.001375 1.387023 0.001907
дочь 0.000687 3.212994 0.002207
блок 0.000344 1.628031 0.000560
мощный 0.000344 2.86507 0.000986
пройти 0.005155 0.133267 0.000687
