абстрактный 
53 0.022970130003304803
67 0.022846294044925202
81 0.022441474804838626
84 0.02239408715113445
65 0.02228395504809896
82 0.022238637097147365
48 0.0221328334275322
96 0.0219633481800677
92 0.021874807525896833
88 0.020572881632246517
66 0.019629277235882363
1 0.0
2 0.0
3 0.0
4 0.0
5 0.0
6 0.0
7 0.0
8 0.0
9 0.0
10 0.0
11 0.0
12 0.0
13 0.0
14 0.0
15 0.0
16 0.0
17 0.0
18 0.0
19 0.0
20 0.0
21 0.0
22 0.0
23 0.0
24 0.0
25 0.0
26 0.0
27 0.0
28 0.0
29 0.0
30 0.0
31 0.0
32 0.0
33 0.0
34 0.0
35 0.0
36 0.0
37 0.0
38 0.0
39 0.0
40 0.0
41 0.0
42 0.0
43 0.0
44 0.0
45 0.0
46 0.0
47 0.0
49 0.0
50 0.0
51 0.0
52 0.0
54 0.0
55 0.0
56 0.0
57 0.0
58 0.0
59 0.0
60 0.0
61 0.0
62 0.0
63 0.0
64 0.0
68 0.0
69 0.0
70 0.0
71 0.0
72 0.0
73 0.0
74 0.0
75 0.0
76 0.0
77 0.0
78 0.0
79 0.0
80 0.0
83 0.0
85 0.0
86 0.0
87 0.0
89 0.0
90 0.0
91 0.0
93 0.0
94 0.0
95 0.0
97 0.0
98 0.0
99 0.0
100 0.0
101 0.0
102 0.0

абстрактный сочетание 
53 0.04996427061838373
67 0.049631777266149965
81 0.04875233930052105
84 0.04871487950037323
65 0.04841406741075546
82 0.0483784984220656
48 0.04816142773685915
96 0.047770755004837906
92 0.047538625387049574
88 0.04469478560840724
66 0.04266494883190192
100 0.019257299241380636
80 0.018089599410698678
78 0.016896048307583383
89 0.01647722237800385
94 0.01613208470655191
79 0.016061594643215597
52 0.014864604973511945
14 0.0061918077369954826
1 0.0
2 0.0
3 0.0
4 0.0
5 0.0
6 0.0
7 0.0
8 0.0
9 0.0
10 0.0
11 0.0
12 0.0
13 0.0
15 0.0
16 0.0
17 0.0
18 0.0
19 0.0
20 0.0
21 0.0
22 0.0
23 0.0
24 0.0
25 0.0
26 0.0
27 0.0
28 0.0
29 0.0
30 0.0
31 0.0
32 0.0
33 0.0
34 0.0
35 0.0
36 0.0
37 0.0
38 0.0
39 0.0
40 0.0
41 0.0
42 0.0
43 0.0
44 0.0
45 0.0
46 0.0
47 0.0
49 0.0
50 0.0
51 0.0
54 0.0
55 0.0
56 0.0
57 0.0
58 0.0
59 0.0
60 0.0
61 0.0
62 0.0
63 0.0
64 0.0
68 0.0
69 0.0
70 0.0
71 0.0
72 0.0
73 0.0
74 0.0
75 0.0
76 0.0
77 0.0
83 0.0
85 0.0
86 0.0
87 0.0
90 0.0
91 0.0
93 0.0
95 0.0
97 0.0
98 0.0
99 0.0
101 0.0
102 0.0

абстрактный сочетание яркий 
57 0.03925396035699641
76 0.030749529906988832
53 0.028914379192619764
67 0.02872196491844891
81 0.028213033185835477
84 0.028191355157665583
65 0.02801727486554315
82 0.027996691052075074
48 0.02787107200418386
96 0.02764498925797195
92 0.027510655588982098
88 0.02586492233389749
66 0.024690253524994574
100 0.011144220572013242
80 0.010468471376245472
78 0.009777762020257243
89 0.009535386987184945
94 0.009335655431364985
79 0.009294862753009185
52 0.008602163494697073
14 0.0035832060506335423
1 0.0
2 0.0
3 0.0
4 0.0
5 0.0
6 0.0
7 0.0
8 0.0
9 0.0
10 0.0
11 0.0
12 0.0
13 0.0
15 0.0
16 0.0
17 0.0
18 0.0
19 0.0
20 0.0
21 0.0
22 0.0
23 0.0
24 0.0
25 0.0
26 0.0
27 0.0
28 0.0
29 0.0
30 0.0
31 0.0
32 0.0
33 0.0
34 0.0
35 0.0
36 0.0
37 0.0
38 0.0
39 0.0
40 0.0
41 0.0
42 0.0
43 0.0
44 0.0
45 0.0
46 0.0
47 0.0
49 0.0
50 0.0
51 0.0
54 0.0
55 0.0
56 0.0
58 0.0
59 0.0
60 0.0
61 0.0
62 0.0
63 0.0
64 0.0
68 0.0
69 0.0
70 0.0
71 0.0
72 0.0
73 0.0
74 0.0
75 0.0
77 0.0
83 0.0
85 0.0
86 0.0
87 0.0
90 0.0
91 0.0
93 0.0
95 0.0
97 0.0
98 0.0
99 0.0
101 0.0
102 0.0

